# T,m,m_err
1.000000000000000056e-01 -1.000000000000000000e+00 0.000000000000000000e+00
1.322033898305084720e-01 -1.000000000000000000e+00 0.000000000000000000e+00
1.644067796610169663e-01 1.000000000000000000e+00 0.000000000000000000e+00
1.966101694915254328e-01 1.000000000000000000e+00 0.000000000000000000e+00
2.288135593220338992e-01 -9.127350199733688108e-01 3.130104890738847900e-01
2.610169491525423657e-01 9.977070572569907148e-01 2.495672826609530298e-02
2.932203389830508877e-01 8.706258322237016012e-01 2.888890282633430062e-01
3.254237288135592987e-01 -1.828681757656458184e-01 5.934343587527912689e-01
3.576271186440678207e-01 -8.911584553928099395e-02 5.022823924443016175e-01
3.898305084745762317e-01 -1.007536617842876153e-01 4.081686575822917051e-01
4.220338983050847537e-01 -6.176298268974700356e-02 3.273246306997708577e-01
4.542372881355931646e-01 -3.007350199733688223e-01 2.770735846849942674e-01
4.864406779661016866e-01 -2.686684420772303405e-01 1.706893536481929041e-01
5.186440677966102086e-01 -4.232490013315579058e-02 1.748597334931447922e-01
5.508474576271186196e-01 7.637017310252995628e-02 1.661229114047143018e-01
5.830508474576271416e-01 -1.018375499334221550e-02 2.433225261255543004e-01
6.152542372881355526e-01 -6.721704394141152228e-03 1.541995734009720953e-01
6.474576271186440746e-01 1.048202396804261138e-02 1.591877079883953217e-01
6.796610169491524855e-01 -2.820239680426096535e-03 1.535877145533679766e-01
7.118644067796610075e-01 3.432756324900131887e-03 1.224738476075422494e-01
7.440677966101694185e-01 -1.759520639147802920e-02 1.315904803457827454e-01
7.762711864406779405e-01 -1.419174434087882956e-02 1.199355596440454252e-01
8.084745762711863515e-01 -1.210386151797603407e-02 1.098687505250979107e-01
8.406779661016948735e-01 3.693741677762983708e-03 1.001991463148175915e-01
8.728813559322033955e-01 4.186418109187749030e-03 9.901021414621447025e-02
9.050847457627118064e-01 5.211717709720373876e-03 9.520899526203986662e-02
9.372881355932203284e-01 -1.106524633821571318e-02 9.098229882221013642e-02
9.694915254237287394e-01 -1.272170439414114715e-02 8.181578505833426995e-02
1.001694915254237372e+00 4.924101198402129967e-03 8.779945276869574600e-02
1.033898305084745672e+00 -1.475366178428761223e-03 8.257743244515067249e-02
1.066101694915254194e+00 2.061251664447402970e-03 8.317745442525292798e-02
1.098305084745762716e+00 -6.492676431424765880e-03 7.895021699743395849e-02
1.130508474576271238e+00 -1.565912117177096835e-03 7.807462106553936243e-02
1.162711864406779760e+00 -3.278295605858854919e-03 7.453544395174947768e-02
1.194915254237288282e+00 2.495339547270306827e-03 7.518980628355997897e-02
1.227118644067796582e+00 -5.320905459387485423e-03 7.242647827996102905e-02
1.259322033898305104e+00 -1.259653794940080026e-03 7.406583215866482939e-02
1.291525423728813626e+00 -3.320905459387484080e-03 6.738463694827021011e-02
1.323728813559322148e+00 -1.454061251664447293e-03 6.617247533148191974e-02
1.355932203389830448e+00 -3.238348868175766355e-03 6.477563793364381206e-02
1.388135593220338970e+00 1.326231691078562196e-03 6.290989766336900491e-02
1.420338983050847492e+00 2.210386151797605195e-04 6.431405248458939294e-02
1.452542372881356014e+00 6.676431424766977700e-03 5.989774212021817257e-02
1.484745762711864536e+00 -3.994673768308865927e-05 6.179570742526464128e-02
1.516949152542372836e+00 -1.089214380825565768e-03 6.184496985570753919e-02
1.549152542372881358e+00 -2.370173102529963736e-04 5.996769892760716453e-02
1.581355932203389880e+00 -1.533954727030625506e-03 5.836321466276155057e-02
1.613559322033898402e+00 3.035952063914779901e-03 5.688624888298047383e-02
1.645762711864406924e+00 3.035952063914779467e-03 5.575328511090762995e-02
1.677966101694915224e+00 -2.809587217043941088e-03 5.787322306587051185e-02
1.710169491525423746e+00 5.006657789613842922e-04 5.697098742645260311e-02
1.742372881355932268e+00 4.564580559254328984e-03 5.834806048396850436e-02
1.774576271186440790e+00 2.881491344873502933e-03 5.571790816173646105e-02
1.806779661016949090e+00 6.258322237017312868e-04 5.466009066151446272e-02
1.838983050847457612e+00 -1.717709720372835591e-03 5.409736444130125443e-02
1.871186440677966134e+00 7.003994673768305836e-04 5.540461975912004677e-02
1.903389830508474656e+00 1.459387483355526751e-03 5.311917249395362722e-02
1.935593220338983178e+00 1.123834886817576392e-03 5.480943239353635449e-02
1.967796610169491478e+00 -1.038615179760321296e-04 5.306915693550260521e-02
2.000000000000000000e+00 -1.483355525965379326e-03 5.214350195563365042e-02
