# T,m,m_err
1.000000000000000056e-01 -1.000000000000000000e+00 -1.000000000000000000e+00
1.183673469387755139e-01 1.000000000000000000e+00 1.000000000000000000e+00
1.367346938775510223e-01 1.000000000000000000e+00 1.000000000000000000e+00
1.551020408163265585e-01 1.000000000000000000e+00 1.000000000000000000e+00
1.734693877551020669e-01 -1.000000000000000000e+00 -1.000000000000000000e+00
1.918367346938775753e-01 -1.000000000000000000e+00 -1.000000000000000000e+00
2.102040816326530837e-01 1.000000000000000000e+00 1.000000000000000000e+00
2.285714285714285920e-01 9.565219707057256437e-01 9.565219707057256437e-01
2.469387755102041004e-01 4.177789613848202355e-01 4.177789613848202355e-01
2.653061224489796088e-01 7.235019973368841395e-01 7.235019973368841395e-01
2.836734693877551172e-01 4.877736351531291592e-01 4.877736351531291592e-01
3.020408163265306256e-01 1.836404793608521768e-01 1.836404793608521768e-01
3.204081632653061895e-01 -2.078402130492676414e-01 -2.078402130492676414e-01
3.387755102040816979e-01 -3.944474034620506497e-01 -3.944474034620506497e-01
3.571428571428572063e-01 3.175233022636484992e-01 3.175233022636484992e-01
3.755102040816327147e-01 1.987483355525965223e-02 1.987483355525965223e-02
3.938775510204082231e-01 -1.218295605858854824e-01 -1.218295605858854824e-01
4.122448979591837315e-01 -2.605326231691078298e-02 -2.605326231691078298e-02
4.306122448979592399e-01 -5.924900133155793641e-02 -5.924900133155793641e-02
4.489795918367347483e-01 -9.828495339547271836e-02 -9.828495339547271836e-02
4.673469387755102566e-01 1.671344873501997286e-01 1.671344873501997286e-01
4.857142857142857650e-01 7.613848202396808831e-03 7.613848202396808831e-03
5.040816326530612734e-01 6.655925432756325255e-02 6.655925432756325255e-02
5.224489795918367818e-01 -1.493209054593875630e-02 -1.493209054593875630e-02
5.408163265306122902e-01 -1.165805592543275593e-01 -1.165805592543275593e-01
5.591836734693877986e-01 4.418109187749667821e-02 4.418109187749667821e-02
5.775510204081633070e-01 -2.162183754993341617e-02 -2.162183754993341617e-02
5.959183673469388154e-01 -1.019707057256990547e-02 -1.019707057256990547e-02
6.142857142857143238e-01 3.320106524633821554e-02 3.320106524633821554e-02
6.326530612244898322e-01 -5.605858854860194807e-03 -5.605858854860194807e-03
6.510204081632653406e-01 4.080692410119840519e-02 4.080692410119840519e-02
6.693877551020408490e-01 3.958721704394140700e-02 3.958721704394140700e-02
6.877551020408163573e-01 6.966711051930761338e-03 6.966711051930761338e-03
7.061224489795918657e-01 3.025832223701730578e-02 3.025832223701730578e-02
7.244897959183673741e-01 2.431424766977362869e-03 2.431424766977362869e-03
7.428571428571428825e-01 5.677762982689747544e-03 5.677762982689747544e-03
7.612244897959183909e-01 -6.814913448735021931e-03 -6.814913448735021931e-03
7.795918367346938993e-01 -1.225565912117177261e-02 -1.225565912117177261e-02
7.979591836734694077e-01 -1.591211717709720141e-02 -1.591211717709720141e-02
8.163265306122449161e-01 -2.850599201065246585e-02 -2.850599201065246585e-02
8.346938775510204245e-01 6.276964047936085984e-03 6.276964047936085984e-03
8.530612244897959329e-01 -5.225033288948069919e-03 -5.225033288948069919e-03
8.714285714285714413e-01 2.763515312916111494e-02 2.763515312916111494e-02
8.897959183673469497e-01 -1.834087882822902846e-02 -1.834087882822902846e-02
9.081632653061224580e-01 4.894806924101197283e-03 4.894806924101197283e-03
9.265306122448979664e-01 -6.098535286284961646e-04 -6.098535286284961646e-04
9.448979591836734748e-01 2.013315579227696519e-03 2.013315579227696519e-03
9.632653061224489832e-01 -4.601864181091876518e-03 -4.601864181091876518e-03
9.816326530612246026e-01 -2.585885486018642005e-03 -2.585885486018642005e-03
1.000000000000000000e+00 -2.239680426098534464e-03 -2.239680426098534464e-03
