# T,m,m_err
1.000000000000000056e-01 -2.673288948069241222e-01 -2.673288948069241222e-01
1.183673469387755139e-01 1.000000000000000000e+00 1.000000000000000000e+00
1.367346938775510223e-01 -1.000000000000000000e+00 -1.000000000000000000e+00
1.551020408163265585e-01 8.895938748335553425e-01 8.895938748335553425e-01
1.734693877551020669e-01 2.127363515312916398e-01 2.127363515312916398e-01
1.918367346938775753e-01 1.000000000000000000e+00 1.000000000000000000e+00
2.102040816326530837e-01 -9.749786950732357571e-01 -9.749786950732357571e-01
2.285714285714285920e-01 2.400119840213049693e-01 2.400119840213049693e-01
2.469387755102041004e-01 8.977576564580559415e-01 8.977576564580559415e-01
2.653061224489796088e-01 7.093062583222371487e-01 7.093062583222371487e-01
2.836734693877551172e-01 -7.844434087882822260e-01 -7.844434087882822260e-01
3.020408163265306256e-01 8.585406125166443747e-01 8.585406125166443747e-01
3.204081632653061895e-01 -1.860599201065246400e-01 -1.860599201065246400e-01
3.387755102040816979e-01 2.016444740346205189e-01 2.016444740346205189e-01
3.571428571428572063e-01 -4.485219707057256505e-02 -4.485219707057256505e-02
3.755102040816327147e-01 -3.037549933422105386e-02 -3.037549933422105386e-02
3.938775510204082231e-01 -6.373501997336884772e-02 -6.373501997336884772e-02
4.122448979591837315e-01 -5.817842876165114224e-02 -5.817842876165114224e-02
4.306122448979592399e-01 5.162450066577891489e-02 5.162450066577891489e-02
4.489795918367347483e-01 1.672836218375499742e-02 1.672836218375499742e-02
4.673469387755102566e-01 2.930093209054594056e-02 2.930093209054594056e-02
4.857142857142857650e-01 8.130226364846870890e-02 8.130226364846870890e-02
5.040816326530612734e-01 8.543275632490014704e-02 8.543275632490014704e-02
5.224489795918367818e-01 -5.167776298268970080e-03 -5.167776298268970080e-03
5.408163265306122902e-01 2.828761651131824276e-02 2.828761651131824276e-02
5.591836734693877986e-01 -4.752063914780293302e-02 -4.752063914780293302e-02
5.775510204081633070e-01 -1.208388814913448697e-02 -1.208388814913448697e-02
5.959183673469388154e-01 -7.275632490013313539e-03 -7.275632490013313539e-03
6.142857142857143238e-01 3.092010652463381831e-02 3.092010652463381831e-02
6.326530612244898322e-01 8.854860186418107501e-03 8.854860186418107501e-03
6.510204081632653406e-01 1.013182423435419685e-02 1.013182423435419685e-02
6.693877551020408490e-01 4.725699067909458310e-03 4.725699067909458310e-03
6.877551020408163573e-01 -1.672436750998668176e-02 -1.672436750998668176e-02
7.061224489795918657e-01 1.625432756324899849e-02 1.625432756324899849e-02
7.244897959183673741e-01 -2.104660452729693876e-02 -2.104660452729693876e-02
7.428571428571428825e-01 6.431424766977363386e-03 6.431424766977363386e-03
7.612244897959183909e-01 -3.299600532623169283e-03 -3.299600532623169283e-03
7.795918367346938993e-01 -8.700399467376829232e-03 -8.700399467376829232e-03
7.979591836734694077e-01 4.720372836218376250e-03 4.720372836218376250e-03
8.163265306122449161e-01 -1.591478029294273941e-02 -1.591478029294273941e-02
8.346938775510204245e-01 -1.924101198402129037e-03 -1.924101198402129037e-03
8.530612244897959329e-01 -6.533954727030627345e-03 -6.533954727030627345e-03
8.714285714285714413e-01 -5.494007989347535724e-03 -5.494007989347535724e-03
8.897959183673469497e-01 3.439414114513981210e-03 3.439414114513981210e-03
9.081632653061224580e-01 2.225033288948068989e-03 2.225033288948068989e-03
9.265306122448979664e-01 -7.989347536617847322e-04 -7.989347536617847322e-04
9.448979591836734748e-01 -1.724367509986684697e-03 -1.724367509986684697e-03
9.632653061224489832e-01 9.533954727030625673e-03 9.533954727030625673e-03
9.816326530612246026e-01 8.788282290279634331e-05 8.788282290279634331e-05
1.000000000000000000e+00 -4.553928095872183295e-04 -4.553928095872183295e-04
