# T,m,m_err
1.000000000000000056e-01 -1.000000000000000000e+00 -1.000000000000000000e+00
1.183673469387755139e-01 -1.000000000000000000e+00 -1.000000000000000000e+00
1.367346938775510223e-01 1.000000000000000000e+00 1.000000000000000000e+00
1.551020408163265585e-01 -1.000000000000000000e+00 -1.000000000000000000e+00
1.734693877551020669e-01 -1.000000000000000000e+00 -1.000000000000000000e+00
1.918367346938775753e-01 -1.000000000000000000e+00 -1.000000000000000000e+00
2.102040816326530837e-01 -1.000000000000000000e+00 -1.000000000000000000e+00
2.285714285714285920e-01 -1.000000000000000000e+00 -1.000000000000000000e+00
2.469387755102041004e-01 1.000000000000000000e+00 1.000000000000000000e+00
2.653061224489796088e-01 -9.997336884154459646e-01 -9.997336884154459646e-01
2.836734693877551172e-01 9.995845539280958647e-01 9.995845539280958647e-01
3.020408163265306256e-01 5.543648468708388677e-01 5.543648468708388677e-01
3.204081632653061895e-01 6.548282290279626716e-01 6.548282290279626716e-01
3.387755102040816979e-01 -7.346684420772303659e-01 -7.346684420772303659e-01
3.571428571428572063e-01 -6.192490013315580244e-01 -6.192490013315580244e-01
3.755102040816327147e-01 -2.440798934753662108e-01 -2.440798934753662108e-01
3.938775510204082231e-01 1.892729693741677932e-01 1.892729693741677932e-01
4.122448979591837315e-01 -9.768308921438080203e-03 -9.768308921438080203e-03
4.306122448979592399e-01 -1.956537949400798948e-01 -1.956537949400798948e-01
4.489795918367347483e-01 4.902370173102530981e-01 4.902370173102530981e-01
4.673469387755102566e-01 5.196271637816247263e-02 5.196271637816247263e-02
4.857142857142857650e-01 -3.342743009320905401e-01 -3.342743009320905401e-01
5.040816326530612734e-01 -5.569107856191739953e-02 -5.569107856191739953e-02
5.224489795918367818e-01 -8.709454061251664658e-02 -8.709454061251664658e-02
5.408163265306122902e-01 -1.644207723035952251e-01 -1.644207723035952251e-01
5.591836734693877986e-01 -3.154194407456725746e-02 -3.154194407456725746e-02
5.775510204081633070e-01 6.837816245006657356e-02 6.837816245006657356e-02
5.959183673469388154e-01 1.000905459387483459e-01 1.000905459387483459e-01
6.142857142857143238e-01 8.766977363515315522e-03 8.766977363515315522e-03
6.326530612244898322e-01 -4.453794940079894293e-02 -4.453794940079894293e-02
6.510204081632653406e-01 2.767509986684421608e-02 2.767509986684421608e-02
6.693877551020408490e-01 -2.456458055925433634e-02 -2.456458055925433634e-02
6.877551020408163573e-01 -2.986950732356857818e-02 -2.986950732356857818e-02
7.061224489795918657e-01 4.366444740346204362e-02 4.366444740346204362e-02
7.244897959183673741e-01 5.010918774966710565e-02 5.010918774966710565e-02
7.428571428571428825e-01 3.523834886817576312e-02 3.523834886817576312e-02
7.612244897959183909e-01 -2.810119840213049641e-02 -2.810119840213049641e-02
7.795918367346938993e-01 -1.612782956058588305e-02 -1.612782956058588305e-02
7.979591836734694077e-01 2.182689747003994929e-02 2.182689747003994929e-02
8.163265306122449161e-01 -4.825565912117177336e-02 -4.825565912117177336e-02
8.346938775510204245e-01 -1.876964047936085025e-02 -1.876964047936085025e-02
8.530612244897959329e-01 -5.762982689747003263e-03 -5.762982689747003263e-03
8.714285714285714413e-01 -1.566977363515312943e-02 -1.566977363515312943e-02
8.897959183673469497e-01 2.241278295605858908e-02 2.241278295605858908e-02
9.081632653061224580e-01 -4.037283621837551087e-03 -4.037283621837551087e-03
9.265306122448979664e-01 6.647137150466047618e-03 6.647137150466047618e-03
9.448979591836734748e-01 4.772303595206392295e-03 4.772303595206392295e-03
9.632653061224489832e-01 2.631158455392810895e-03 2.631158455392810895e-03
9.816326530612246026e-01 -7.797603195739014580e-03 -7.797603195739014580e-03
1.000000000000000000e+00 1.284687083888149013e-02 1.284687083888149013e-02
