# T,m,m_err
1.000000000000000056e-01 -1.000000000000000000e+00 -1.000000000000000000e+00
1.183673469387755139e-01 -1.000000000000000000e+00 -1.000000000000000000e+00
1.367346938775510223e-01 1.000000000000000000e+00 1.000000000000000000e+00
1.551020408163265585e-01 1.000000000000000000e+00 1.000000000000000000e+00
1.734693877551020669e-01 -1.000000000000000000e+00 -1.000000000000000000e+00
1.918367346938775753e-01 -1.000000000000000000e+00 -1.000000000000000000e+00
2.102040816326530837e-01 9.999627163781624750e-01 9.999627163781624750e-01
2.285714285714285920e-01 1.000000000000000000e+00 1.000000000000000000e+00
2.469387755102041004e-01 -9.983169107856191271e-01 -9.983169107856191271e-01
2.653061224489796088e-01 -9.996324900133154445e-01 -9.996324900133154445e-01
2.836734693877551172e-01 9.906045272969374871e-01 9.906045272969374871e-01
3.020408163265306256e-01 9.265406125166446571e-01 9.265406125166446571e-01
3.204081632653061895e-01 7.063169107856190898e-01 7.063169107856190898e-01
3.387755102040816979e-01 2.678561917443406798e-02 2.678561917443406798e-02
3.571428571428572063e-01 -1.229400798934753569e-01 -1.229400798934753569e-01
3.755102040816327147e-01 2.362183754993341933e-01 2.362183754993341933e-01
3.938775510204082231e-01 2.868175765645804981e-02 2.868175765645804981e-02
4.122448979591837315e-01 -4.585352862849533667e-02 -4.585352862849533667e-02
4.306122448979592399e-01 9.389081225033288347e-02 9.389081225033288347e-02
4.489795918367347483e-01 6.206657789613847370e-02 6.206657789613847370e-02
4.673469387755102566e-01 -2.844740346205059528e-02 -2.844740346205059528e-02
4.857142857142857650e-01 3.792809587217043504e-02 3.792809587217043504e-02
5.040816326530612734e-01 1.706151797603195908e-01 1.706151797603195908e-01
5.224489795918367818e-01 -2.618908122503328662e-02 -2.618908122503328662e-02
5.408163265306122902e-01 2.821837549933421674e-02 2.821837549933421674e-02
5.591836734693877986e-01 3.531291611185087987e-03 3.531291611185087987e-03
5.775510204081633070e-01 -8.841544607190413019e-02 -8.841544607190413019e-02
5.959183673469388154e-01 3.744340878828232924e-03 3.744340878828232924e-03
6.142857142857143238e-01 3.659121171770973301e-03 3.659121171770973301e-03
6.326530612244898322e-01 -1.394940079893475411e-02 -1.394940079893475411e-02
6.510204081632653406e-01 3.462050599201064310e-02 3.462050599201064310e-02
6.693877551020408490e-01 3.326231691078561370e-02 3.326231691078561370e-02
6.877551020408163573e-01 -2.727030625832223276e-02 -2.727030625832223276e-02
7.061224489795918657e-01 -2.910785619174434055e-02 -2.910785619174434055e-02
7.244897959183673741e-01 -4.894806924101199018e-03 -4.894806924101199018e-03
7.428571428571428825e-01 8.324900133155788140e-03 8.324900133155788140e-03
7.612244897959183909e-01 1.254327563249001305e-02 1.254327563249001305e-02
7.795918367346938993e-01 1.300665778961385306e-02 1.300665778961385306e-02
7.979591836734694077e-01 -3.719840213049267763e-02 -3.719840213049267763e-02
8.163265306122449161e-01 -7.057256990679095648e-03 -7.057256990679095648e-03
8.346938775510204245e-01 -3.249001331557872688e-04 -3.249001331557872688e-04
8.530612244897959329e-01 5.592543275632490089e-03 5.592543275632490089e-03
8.714285714285714413e-01 2.305193075898801305e-02 2.305193075898801305e-02
8.897959183673469497e-01 -2.750466045272969076e-02 -2.750466045272969076e-02
9.081632653061224580e-01 -1.017842876165113257e-02 -1.017842876165113257e-02
9.265306122448979664e-01 -1.654327563249001487e-02 -1.654327563249001487e-02
9.448979591836734748e-01 2.011185086551265169e-02 2.011185086551265169e-02
9.632653061224489832e-01 -2.109187749667111155e-03 -2.109187749667111155e-03
9.816326530612246026e-01 1.977629826897470133e-02 1.977629826897470133e-02
1.000000000000000000e+00 -2.934753661784290143e-03 -2.934753661784290143e-03
