# T,m,m_err
1.000000000000000056e-01 -1.000000000000000000e+00 -1.000000000000000000e+00
1.183673469387755139e-01 -1.000000000000000000e+00 -1.000000000000000000e+00
1.367346938775510223e-01 -1.000000000000000000e+00 -1.000000000000000000e+00
1.551020408163265585e-01 -1.000000000000000000e+00 -1.000000000000000000e+00
1.734693877551020669e-01 1.000000000000000000e+00 1.000000000000000000e+00
1.918367346938775753e-01 1.000000000000000000e+00 1.000000000000000000e+00
2.102040816326530837e-01 1.000000000000000000e+00 1.000000000000000000e+00
2.285714285714285920e-01 1.000000000000000000e+00 1.000000000000000000e+00
2.469387755102041004e-01 -1.000000000000000000e+00 -1.000000000000000000e+00
2.653061224489796088e-01 6.724367509986683977e-01 6.724367509986683977e-01
2.836734693877551172e-01 -9.733688415446072328e-01 -9.733688415446072328e-01
3.020408163265306256e-01 -7.022636484687083680e-01 -7.022636484687083680e-01
3.204081632653061895e-01 -6.246604527296937270e-01 -6.246604527296937270e-01
3.387755102040816979e-01 3.440745672436749253e-02 3.440745672436749253e-02
3.571428571428572063e-01 -1.324633821571238324e-01 -1.324633821571238324e-01
3.755102040816327147e-01 -5.837549933422100240e-02 -5.837549933422100240e-02
3.938775510204082231e-01 -1.756058588548601862e-01 -1.756058588548601862e-01
4.122448979591837315e-01 -9.768308921438080550e-02 -9.768308921438080550e-02
4.306122448979592399e-01 5.903595206391478722e-01 5.903595206391478722e-01
4.489795918367347483e-01 -1.873768308921437697e-01 -1.873768308921437697e-01
4.673469387755102566e-01 3.738482023968042744e-01 3.738482023968042744e-01
4.857142857142857650e-01 2.852197070572570214e-01 2.852197070572570214e-01
5.040816326530612734e-01 -7.137150466045270869e-02 -7.137150466045270869e-02
5.224489795918367818e-01 4.873501997336883440e-02 4.873501997336883440e-02
5.408163265306122902e-01 -1.810386151797603316e-01 -1.810386151797603316e-01
5.591836734693877986e-01 1.536617842876165096e-01 1.536617842876165096e-01
5.775510204081633070e-01 5.752330226364837408e-03 5.752330226364837408e-03
5.959183673469388154e-01 7.137150466045267573e-03 7.137150466045267573e-03
6.142857142857143238e-01 -4.916111850865512861e-02 -4.916111850865512861e-02
6.326530612244898322e-01 5.219707057256991328e-02 5.219707057256991328e-02
6.510204081632653406e-01 -1.467376830892143658e-01 -1.467376830892143658e-01
6.693877551020408490e-01 -1.009853528628495423e-01 -1.009853528628495423e-01
6.877551020408163573e-01 -8.042609853528625424e-03 -8.042609853528625424e-03
7.061224489795918657e-01 6.727030625832224053e-02 6.727030625832224053e-02
7.244897959183673741e-01 -2.332889480692410672e-02 -2.332889480692410672e-02
7.428571428571428825e-01 -1.134487350199733791e-02 -1.134487350199733791e-02
7.612244897959183909e-01 3.430093209054593806e-02 3.430093209054593806e-02
7.795918367346938993e-01 1.715046604527296903e-02 1.715046604527296903e-02
7.979591836734694077e-01 3.355525965379493620e-03 3.355525965379493620e-03
8.163265306122449161e-01 6.743009320905458959e-02 6.743009320905458959e-02
8.346938775510204245e-01 -1.677762982689747287e-02 -1.677762982689747287e-02
8.530612244897959329e-01 -3.728362183755014173e-04 -3.728362183755014173e-04
8.714285714285714413e-01 2.290279627163780210e-03 2.290279627163780210e-03
8.897959183673469497e-01 -1.981358189081225060e-02 -1.981358189081225060e-02
9.081632653061224580e-01 -3.467376830892144463e-02 -3.467376830892144463e-02
9.265306122448979664e-01 6.604527296937415422e-03 6.604527296937415422e-03
9.448979591836734748e-01 9.480692410119841498e-03 9.480692410119841498e-03
9.632653061224489832e-01 -2.998668442077230198e-02 -2.998668442077230198e-02
9.816326530612246026e-01 -2.173102529960053292e-02 -2.173102529960053292e-02
1.000000000000000000e+00 -7.616511318242339887e-03 -7.616511318242339887e-03
