# T,m,m_err
1.000000000000000056e-01 -6.876026631158455027e-01 2.770165193694417161e-01
1.157894736842105393e-01 6.704340878828228822e-01 1.683600406433180263e-01
1.315789473684210731e-01 1.762103861517975989e-01 1.274790524500630795e-01
1.473684210526315930e-01 1.836484687083888290e-01 1.754115061192205172e-01
1.631578947368421129e-01 -3.004426098535286083e-01 1.440538126097664351e-01
1.789473684210526605e-01 7.719611185086551197e-01 3.253367672480052541e-01
1.947368421052631804e-01 3.571435419440746051e-01 1.788571257540328419e-01
2.105263157894737280e-01 3.693741677762995852e-03 1.816678878214139647e-01
2.263157894736842479e-01 4.616825565912117679e-01 2.398647950314117538e-01
2.421052631578947678e-01 2.316111850865513327e-02 1.339720835869911697e-01
2.578947368421052877e-01 3.293896138482024227e-01 2.120478931122704858e-01
2.736842105263158631e-01 -6.125129161118508803e-01 2.502214233939968890e-01
2.894736842105263275e-01 2.493869507323568657e-01 1.890163540368004214e-01
3.052631578947369029e-01 1.044197070572569913e-01 2.061747029429231437e-01
3.210526315789474228e-01 9.958189081225032879e-02 2.642264656150946633e-01
3.368421052631579427e-01 1.542636484687081970e-02 3.009926050247667684e-01
3.526315789473685181e-01 3.958295605858854621e-02 2.294832871844645350e-01
3.684210526315789824e-01 -5.349027962716378093e-02 2.297977924281444650e-01
3.842105263157895578e-01 -3.054221038615179823e-02 1.743186314259743963e-01
4.000000000000000222e-01 -1.918348868175765581e-02 1.740373608636309466e-01
