# T,m,m_err
1.000000000000000056e-01 1.000000000000000000e+00 1.000000000000000000e+00
1.183673469387755139e-01 1.000000000000000000e+00 1.000000000000000000e+00
1.367346938775510223e-01 1.000000000000000000e+00 1.000000000000000000e+00
1.551020408163265585e-01 1.000000000000000000e+00 1.000000000000000000e+00
1.734693877551020669e-01 1.000000000000000000e+00 1.000000000000000000e+00
1.918367346938775753e-01 -1.000000000000000000e+00 -1.000000000000000000e+00
2.102040816326530837e-01 1.000000000000000000e+00 1.000000000000000000e+00
2.285714285714285920e-01 1.000000000000000000e+00 1.000000000000000000e+00
2.469387755102041004e-01 8.905139813581890440e-01 8.905139813581890440e-01
2.653061224489796088e-01 -2.188122503328894519e-01 -2.188122503328894519e-01
2.836734693877551172e-01 -9.045326231691079855e-01 -9.045326231691079855e-01
3.020408163265306256e-01 8.638331114070127992e-01 8.638331114070127992e-01
3.204081632653061895e-01 4.682893919218819589e-01 4.682893919218819589e-01
3.387755102040816979e-01 4.591424766977363903e-01 4.591424766977363903e-01
3.571428571428572063e-01 -9.470750110963159496e-02 -9.470750110963159496e-02
3.755102040816327147e-01 3.280248557478917387e-02 3.280248557478917387e-02
3.938775510204082231e-01 -1.327474478473147090e-01 -1.327474478473147090e-01
4.122448979591837315e-01 -4.432134931202841993e-02 -4.432134931202841993e-02
4.306122448979592399e-01 8.679982245894363180e-02 8.679982245894363180e-02
4.489795918367347483e-01 6.449356413670662147e-02 6.449356413670662147e-02
4.673469387755102566e-01 -2.471904127829560871e-01 -2.471904127829560871e-01
4.857142857142857650e-01 2.000532623169108334e-02 2.000532623169108334e-02
5.040816326530612734e-01 -2.478828229027961808e-02 -2.478828229027961808e-02
5.224489795918367818e-01 -2.169551708832679216e-03 -2.169551708832679216e-03
5.408163265306122902e-01 -7.796893031513536798e-02 -7.796893031513536798e-02
5.591836734693877986e-01 2.881846426986240176e-02 2.881846426986240176e-02
5.775510204081633070e-01 -3.941766533510874387e-02 -3.941766533510874387e-02
5.959183673469388154e-01 4.256014203284509689e-02 4.256014203284509689e-02
6.142857142857143238e-01 4.829471815357300885e-02 4.829471815357300885e-02
6.326530612244898322e-01 1.827962716378162683e-02 1.827962716378162683e-02
6.510204081632653406e-01 -2.909187749667110218e-02 -2.909187749667110218e-02
6.693877551020408490e-01 9.981358189081223839e-03 9.981358189081223839e-03
6.877551020408163573e-01 -1.647936085219706831e-02 -1.647936085219706831e-02
7.061224489795918657e-01 1.763337771859742678e-02 1.763337771859742678e-02
7.244897959183673741e-01 -4.023080337328006732e-03 -4.023080337328006732e-03
7.428571428571428825e-01 -9.668885929871282731e-03 -9.668885929871282731e-03
7.612244897959183909e-01 2.673768308921437454e-03 2.673768308921437454e-03
7.795918367346938993e-01 -1.344695960940967515e-02 -1.344695960940967515e-02
7.979591836734694077e-01 -6.856635596981804082e-03 -6.856635596981804082e-03
8.163265306122449161e-01 -2.829294274300932222e-02 -2.829294274300932222e-02
8.346938775510204245e-01 1.483533067021748642e-02 1.483533067021748642e-02
8.530612244897959329e-01 1.548158011540168560e-03 1.548158011540168560e-03
8.714285714285714413e-01 3.902352418996892728e-03 3.902352418996892728e-03
8.897959183673469497e-01 5.198402130492676097e-03 5.198402130492676097e-03
9.081632653061224580e-01 -2.734132268086989577e-04 -2.734132268086989577e-04
9.265306122448979664e-01 1.715046604527297380e-03 1.715046604527297380e-03
9.448979591836734748e-01 -2.190856635596982304e-03 -2.190856635596982304e-03
9.632653061224489832e-01 7.808255659121171761e-03 7.808255659121171761e-03
9.816326530612246026e-01 5.674212161562361238e-03 5.674212161562361238e-03
1.000000000000000000e+00 8.088770528184643926e-03 8.088770528184643926e-03
