# T,m,m_err
1.000000000000000056e-01 1.000000000000000000e+00 1.000000000000000000e+00
1.393939393939394034e-01 1.000000000000000000e+00 1.000000000000000000e+00
1.787878787878787734e-01 1.000000000000000000e+00 1.000000000000000000e+00
2.181818181818181712e-01 -1.000000000000000000e+00 -1.000000000000000000e+00
2.575757575757575690e-01 -1.000000000000000000e+00 -1.000000000000000000e+00
2.969696969696969946e-01 1.000000000000000000e+00 1.000000000000000000e+00
3.363636363636363091e-01 -1.000000000000000000e+00 -1.000000000000000000e+00
3.757575757575757347e-01 1.000000000000000000e+00 1.000000000000000000e+00
4.151515151515151603e-01 -1.000000000000000000e+00 -1.000000000000000000e+00
4.545454545454544748e-01 1.000000000000000000e+00 1.000000000000000000e+00
4.939393939393939004e-01 1.000000000000000000e+00 1.000000000000000000e+00
5.333333333333333259e-01 1.000000000000000000e+00 1.000000000000000000e+00
5.727272727272726405e-01 -1.000000000000000000e+00 -1.000000000000000000e+00
6.121212121212120660e-01 -1.000000000000000000e+00 -1.000000000000000000e+00
6.515151515151514916e-01 -9.999928983577452968e-01 -9.999928983577452968e-01
6.909090909090908061e-01 9.999928983577452968e-01 9.999928983577452968e-01
7.303030303030302317e-01 9.999644917887261508e-01 9.999644917887261508e-01
7.696969696969696573e-01 9.999467376830892817e-01 9.999467376830892817e-01
8.090909090909089718e-01 9.998650687971594175e-01 9.998650687971594175e-01
8.484848484848483974e-01 -9.998047048379937740e-01 -9.998047048379937740e-01
8.878787878787878229e-01 -9.997976031957389598e-01 -9.997976031957389598e-01
9.272727272727271375e-01 -9.996449178872613972e-01 -9.996449178872613972e-01
9.666666666666665630e-01 9.995099866844208147e-01 9.995099866844208147e-01
1.006060606060606100e+00 9.992401242787395388e-01 9.992401242787395388e-01
1.045454545454545414e+00 -9.988175765645807003e-01 -9.988175765645807003e-01
1.084848484848484729e+00 -9.984980026631158356e-01 -9.984980026631158356e-01
1.124242424242424265e+00 9.981109631602307353e-01 9.981109631602307353e-01
1.163636363636363580e+00 -9.976742121615623793e-01 -9.976742121615623793e-01
1.203030303030303116e+00 9.967403462050601348e-01 9.967403462050601348e-01
1.242424242424242431e+00 9.958029294274302057e-01 9.958029294274302057e-01
1.281818181818181746e+00 9.948761651131824424e-01 9.948761651131824424e-01
1.321212121212121282e+00 9.939707057256990108e-01 9.939707057256990108e-01
1.360606060606060597e+00 -9.927066134043498469e-01 -9.927066134043498469e-01
1.399999999999999911e+00 9.918650687971592994e-01 9.918650687971592994e-01
1.439393939393939448e+00 -9.893297825122059352e-01 -9.893297825122059352e-01
1.478787878787878762e+00 9.885521526853083829e-01 9.885521526853083829e-01
1.518181818181818077e+00 9.860701287172657370e-01 9.860701287172657370e-01
1.557575757575757613e+00 -9.831549045716821977e-01 -9.831549045716821977e-01
1.596969696969696928e+00 9.798810474922325930e-01 9.798810474922325930e-01
1.636363636363636243e+00 9.774735907678651081e-01 9.774735907678651081e-01
1.675757575757575779e+00 -9.755916555703505466e-01 -9.755916555703505466e-01
1.715151515151515094e+00 9.706098535286283857e-01 9.706098535286283857e-01
1.754545454545454408e+00 -9.650173102529960856e-01 -9.650173102529960856e-01
1.793939393939393945e+00 9.611220594762539537e-01 9.611220594762539537e-01
1.833333333333333259e+00 -9.571628939192187158e-01 -9.571628939192187158e-01
1.872727272727272574e+00 9.532534398579671775e-01 9.532534398579671775e-01
1.912121212121212110e+00 9.430483799378607257e-01 9.430483799378607257e-01
1.951515151515151425e+00 -9.372001775410563340e-01 -9.372001775410563340e-01
1.990909090909090740e+00 9.306773191300488079e-01 9.306773191300488079e-01
2.030303030303030276e+00 9.243284509542831762e-01 9.243284509542831762e-01
2.069696969696969369e+00 -9.091238348868174723e-01 -9.091238348868174723e-01
2.109090909090908905e+00 9.008504216600087267e-01 9.008504216600087267e-01
2.148484848484848442e+00 8.909968930315136371e-01 8.909968930315136371e-01
2.187878787878787978e+00 8.802840656901909089e-01 8.802840656901909089e-01
2.227272727272727071e+00 8.648664003550821100e-01 8.648664003550821100e-01
2.266666666666666607e+00 -8.546400355082112155e-01 -8.546400355082112155e-01
2.306060606060606144e+00 -8.407492232578783753e-01 -8.407492232578783753e-01
2.345454545454545237e+00 8.151797603195739539e-01 8.151797603195739539e-01
2.384848484848484773e+00 8.018890368397693091e-01 8.018890368397693091e-01
2.424242424242424310e+00 -7.813084775854417519e-01 -7.813084775854417519e-01
2.463636363636363402e+00 -7.521420328450955095e-01 -7.521420328450955095e-01
2.503030303030302939e+00 7.274744784731471681e-01 7.274744784731471681e-01
2.542424242424242475e+00 6.964189968930315500e-01 6.964189968930315500e-01
2.581818181818181568e+00 6.647279183311141093e-01 6.647279183311141093e-01
2.621212121212121104e+00 6.227607634265424075e-01 6.227607634265424075e-01
2.660606060606060641e+00 4.305832223701731021e-01 4.305832223701731021e-01
2.699999999999999734e+00 -3.098553040390590319e-01 -3.098553040390590319e-01
2.739393939393939270e+00 2.839946737683089056e-02 2.839946737683089056e-02
2.778787878787878807e+00 -1.256635596981801363e-02 -1.256635596981801363e-02
2.818181818181817899e+00 2.009764758100310647e-02 2.009764758100310647e-02
2.857575757575757436e+00 -1.707589880159787049e-02 -1.707589880159787049e-02
2.896969696969696972e+00 -8.262760763426538202e-03 -8.262760763426538202e-03
2.936363636363636065e+00 -6.159964491788725433e-02 -6.159964491788725433e-02
2.975757575757575601e+00 3.532001775410563427e-02 3.532001775410563427e-02
3.015151515151515138e+00 2.654593874833555134e-02 2.654593874833555134e-02
3.054545454545454231e+00 1.540701287172658793e-02 1.540701287172658793e-02
3.093939393939393767e+00 -1.196981802041721839e-02 -1.196981802041721839e-02
3.133333333333333304e+00 2.190856635596981697e-02 2.190856635596981697e-02
3.172727272727272396e+00 1.153306702174877914e-02 1.153306702174877914e-02
3.212121212121211933e+00 -4.514513981358188321e-02 -4.514513981358188321e-02
3.251515151515151469e+00 -3.003994673768313993e-03 -3.003994673768313993e-03
3.290909090909090562e+00 2.546648912561029487e-02 2.546648912561029487e-02
3.330303030303030098e+00 -1.650066577896138267e-02 -1.650066577896138267e-02
3.369696969696969635e+00 -1.387305814469596416e-02 -1.387305814469596416e-02
3.409090909090908728e+00 -1.520461606746559974e-02 -1.520461606746559974e-02
3.448484848484848264e+00 -1.122059476253883022e-03 -1.122059476253883022e-03
3.487878787878787801e+00 -2.066577896138481561e-03 -2.066577896138481561e-03
3.527272727272726893e+00 4.456280514869065748e-03 4.456280514869065748e-03
3.566666666666666430e+00 2.769640479360830948e-04 2.769640479360830948e-04
3.606060606060605966e+00 -2.964935641367065933e-03 -2.964935641367065933e-03
3.645454545454545059e+00 7.289835774522858761e-03 7.289835774522858761e-03
3.684848484848484595e+00 -2.414558366622287405e-04 -2.414558366622287405e-04
3.724242424242424132e+00 -1.626276076342654921e-03 -1.626276076342654921e-03
3.763636363636363225e+00 1.690190856635598012e-03 1.690190856635598012e-03
3.803030303030302761e+00 -1.303151353750554462e-03 -1.303151353750554462e-03
3.842424242424242298e+00 -7.059032401242789669e-03 -7.059032401242789669e-03
3.881818181818181390e+00 4.030181979582775874e-03 4.030181979582775874e-03
3.921212121212120927e+00 1.214025743453173677e-02 1.214025743453173677e-02
3.960606060606060463e+00 -1.722148246782068473e-03 -1.722148246782068473e-03
4.000000000000000000e+00 1.044296493564136723e-02 1.044296493564136723e-02
