1.000000000000000056e-01 -1.000000000000000000e+00 0.000000000000000000e+00
1.322033898305084720e-01 -1.000000000000000000e+00 0.000000000000000000e+00
1.644067796610169663e-01 1.000000000000000000e+00 0.000000000000000000e+00
1.966101694915254328e-01 1.000000000000000000e+00 0.000000000000000000e+00
2.288135593220338992e-01 1.000000000000000000e+00 0.000000000000000000e+00
2.610169491525423657e-01 -1.000000000000000000e+00 0.000000000000000000e+00
2.932203389830508877e-01 1.000000000000000000e+00 0.000000000000000000e+00
3.254237288135592987e-01 -1.000000000000000000e+00 0.000000000000000000e+00
3.576271186440678207e-01 1.000000000000000000e+00 0.000000000000000000e+00
3.898305084745762317e-01 1.000000000000000000e+00 0.000000000000000000e+00
4.220338983050847537e-01 -1.000000000000000000e+00 0.000000000000000000e+00
4.542372881355931646e-01 1.000000000000000000e+00 0.000000000000000000e+00
4.864406779661016866e-01 9.999973368841544863e-01 7.293243109256546607e-05
5.186440677966102086e-01 -1.000000000000000000e+00 0.000000000000000000e+00
5.508474576271186196e-01 1.000000000000000000e+00 0.000000000000000000e+00
5.830508474576271416e-01 1.000000000000000000e+00 0.000000000000000000e+00
6.152542372881355526e-01 9.999973368841544863e-01 7.293243109256546607e-05
6.474576271186440746e-01 9.999893475366178341e-01 1.455728401461141178e-04
6.796610169491524855e-01 9.999813581890810710e-01 1.921876809871502639e-04
7.118644067796610075e-01 -9.958002663115845809e-01 2.965271783545219905e-02
7.440677966101694185e-01 9.997736351531291144e-01 2.499938208565781993e-03
7.762711864406779405e-01 -9.734700399467377530e-01 1.263532188745968288e-01
8.084745762711863515e-01 9.909800266311582506e-01 4.544121178945492723e-02
8.406779661016948735e-01 6.476617842876165598e-01 5.046155305570498850e-01
8.728813559322033955e-01 5.749187749667110658e-01 4.315006515761204420e-01
9.050847457627118064e-01 -7.701677762982689357e-01 3.127363848648849198e-01
9.372881355932203284e-01 4.396245006657789611e-01 5.648103391286920516e-01
9.694915254237287394e-01 -3.387110519307589551e-01 7.024441259376242863e-01
1.001694915254237372e+00 -4.718508655126497919e-02 5.815585621548973183e-01
1.033898305084745672e+00 5.604527296937413666e-02 5.869060478494739774e-01
1.066101694915254194e+00 -5.782423435419441204e-02 5.035751924317454220e-01
1.098305084745762716e+00 1.929427430093207801e-02 5.224956984964019835e-01
1.130508474576271238e+00 2.487350199733688941e-02 4.107511403650286330e-01
1.162711864406779760e+00 -7.806657789613848097e-02 4.297849842861541925e-01
1.194915254237288282e+00 -2.622370173102529789e-02 4.270096972147802705e-01
1.227118644067796582e+00 3.747003994673768316e-03 3.590218771838514233e-01
1.259322033898305104e+00 4.317443408788282366e-02 3.291143750072267338e-01
1.291525423728813626e+00 1.233288948069240915e-02 3.216019505807605761e-01
1.323728813559322148e+00 5.126231691078561581e-02 2.869081688768500005e-01
1.355932203389830448e+00 -3.158189081225033085e-02 2.746716347611518061e-01
1.388135593220338970e+00 -8.567243675099868797e-03 2.573565773947787405e-01
1.420338983050847492e+00 1.496671105193075890e-02 2.584489589928652409e-01
1.452542372881356014e+00 -7.187749667110521559e-03 2.397438172421861857e-01
1.484745762711864536e+00 1.141411451398135872e-02 2.361355266887261994e-01
1.516949152542372836e+00 -6.508655126498009459e-03 2.126215347409760592e-01
1.549152542372881358e+00 -1.258934753661784256e-01 1.823844707674867061e-01
1.581355932203389880e+00 -8.833555259653793137e-03 1.407631955552044456e-01
1.613559322033898402e+00 -5.900665778961386443e-02 2.214084408779967150e-01
1.645762711864406924e+00 1.331557922769612218e-04 2.016523576556864816e-01
1.677966101694915224e+00 -1.619707057256990559e-02 1.498589964588295520e-01
1.710169491525423746e+00 1.860719041278295974e-02 1.703814281354955606e-01
1.742372881355932268e+00 1.712383488681757521e-02 1.645196999417257722e-01
1.774576271186440790e+00 -2.713715046604527753e-03 1.443974829681251293e-01
1.806779661016949090e+00 -2.455659121171770848e-02 1.725942855657492392e-01
1.838983050847457612e+00 3.527030625832223987e-02 1.174311375842893440e-01
1.871186440677966134e+00 9.323568575233023500e-03 1.691025594020382217e-01
1.903389830508474656e+00 4.314247669773621226e-04 1.314144105293414688e-01
1.935593220338983178e+00 -2.340612516644474325e-02 1.271245189489750016e-01
1.967796610169491478e+00 -1.019973368841543436e-03 1.293848124559972834e-01
2.000000000000000000e+00 7.720372836218376313e-03 1.344468040288650246e-01
