# T,m,m_err
1.699999999999999956e+00 -9.708655126498002552e-01 -9.708655126498002552e-01
1.731818181818181701e+00 9.685823346648912979e-01 9.685823346648912979e-01
1.763636363636363669e+00 -9.647012871726585725e-01 -9.647012871726585725e-01
1.795454545454545414e+00 -9.616724367509986715e-01 -9.616724367509986715e-01
1.827272727272727160e+00 -9.567154904571681939e-01 -9.567154904571681939e-01
1.859090909090909127e+00 9.545920994229916134e-01 9.545920994229916134e-01
1.890909090909090873e+00 -9.470998668442077717e-01 -9.470998668442077717e-01
1.922727272727272618e+00 9.421855304039058465e-01 9.421855304039058465e-01
1.954545454545454586e+00 9.362840656901909586e-01 9.362840656901909586e-01
1.986363636363636331e+00 9.277088326675545504e-01 9.277088326675545504e-01
2.018181818181818077e+00 -9.248007101642253813e-01 -9.248007101642253813e-01
2.049999999999999822e+00 -9.179689303151353785e-01 -9.179689303151353785e-01
2.081818181818182012e+00 9.091841988459831159e-01 9.091841988459831159e-01
2.113636363636363757e+00 8.994620505992011461e-01 8.994620505992011461e-01
2.145454545454545503e+00 -8.910998668442077220e-01 -8.910998668442077220e-01
2.177272727272727249e+00 8.859795827785175160e-01 8.859795827785175160e-01
2.209090909090908994e+00 8.723302263648469168e-01 8.723302263648469168e-01
2.240909090909091184e+00 8.614966711051930126e-01 8.614966711051930126e-01
2.272727272727272485e+00 -8.515934309809143343e-01 -8.515934309809143343e-01
2.304545454545454675e+00 8.370918774966710219e-01 8.370918774966710219e-01
2.336363636363636420e+00 -8.230625832223701366e-01 -8.230625832223701366e-01
2.368181818181818166e+00 8.093848202396805025e-01 8.093848202396805025e-01
2.399999999999999911e+00 -7.905406125166445364e-01 -7.905406125166445364e-01
2.431818181818181657e+00 -7.708371060807810426e-01 -7.708371060807810426e-01
2.463636363636363846e+00 7.566125166444739314e-01 7.566125166444739314e-01
2.495454545454545592e+00 7.464323124722591629e-01 7.464323124722591629e-01
2.527272727272727337e+00 7.091096316023079993e-01 7.091096316023079993e-01
2.559090909090909083e+00 6.868424323124721065e-01 6.868424323124721065e-01
2.590909090909090828e+00 6.521367066134042823e-01 6.521367066134042823e-01
2.622727272727273018e+00 -4.752241455836662132e-01 -4.752241455836662132e-01
2.654545454545454763e+00 -4.787501109631602247e-01 -4.787501109631602247e-01
2.686363636363636509e+00 -2.243231247225920544e-01 -2.243231247225920544e-01
2.718181818181818254e+00 -3.131469152241455473e-02 -3.131469152241455473e-02
2.750000000000000000e+00 6.846338215712384490e-02 6.846338215712384490e-02
2.781818181818182190e+00 1.827962716378162683e-02 1.827962716378162683e-02
2.813636363636363491e+00 -1.331202840656901983e-02 -1.331202840656901983e-02
2.845454545454545681e+00 2.913448735019973090e-02 2.913448735019973090e-02
2.877272727272727426e+00 -1.652907234798046965e-02 -1.652907234798046965e-02
2.909090909090909172e+00 -1.678473146915224201e-02 -1.678473146915224201e-02
2.940909090909090917e+00 4.126054150022193112e-03 4.126054150022193112e-03
2.972727272727272663e+00 -7.350199733688413161e-04 -7.350199733688413161e-04
3.004545454545454852e+00 -1.168930315135375229e-02 -1.168930315135375229e-02
3.036363636363636154e+00 8.472259209942297267e-03 8.472259209942297267e-03
3.068181818181818343e+00 -1.115667998224589320e-02 -1.115667998224589320e-02
3.100000000000000089e+00 -8.880603639591654747e-03 -8.880603639591654747e-03
