# T,m,m_err
2.299999999999999822e+00 -8.394034620505992361e-01 -8.394034620505992361e-01
2.316326530612244916e+00 -8.324793608521970922e-01 -8.324793608521970922e-01
2.332653061224489566e+00 8.074460719041278711e-01 8.074460719041278711e-01
2.348979591836734659e+00 8.159360852197070635e-01 8.159360852197070635e-01
2.365306122448979309e+00 7.917230359520639471e-01 7.917230359520639471e-01
2.381632653061224403e+00 -7.738695073235685173e-01 -7.738695073235685173e-01
2.397959183673469052e+00 -7.853635153129161495e-01 -7.853635153129161495e-01
2.414285714285714146e+00 7.621304926764312926e-01 7.621304926764312926e-01
2.430612244897959240e+00 7.918295605858854946e-01 7.918295605858854946e-01
2.446938775510203889e+00 -7.399094540612515258e-01 -7.399094540612515258e-01
2.463265306122448983e+00 7.501358189081224204e-01 7.501358189081224204e-01
2.479591836734693633e+00 7.147483355525964255e-01 7.147483355525964255e-01
2.495918367346938727e+00 -7.255818908122502187e-01 -7.255818908122502187e-01
2.512244897959183376e+00 5.938748335552596069e-02 5.938748335552596069e-02
2.528571428571428470e+00 -1.919147802929427327e-01 -1.919147802929427327e-01
2.544897959183673564e+00 2.185672436750998870e-01 2.185672436750998870e-01
2.561224489795918213e+00 1.766178428761650820e-01 1.766178428761650820e-01
2.577551020408163307e+00 1.148868175765645760e-01 1.148868175765645760e-01
2.593877551020407957e+00 -4.657256990679093517e-02 -4.657256990679093517e-02
2.610204081632653050e+00 1.271478029294274559e-01 1.271478029294274559e-01
2.626530612244897700e+00 -9.766178428761650154e-02 -9.766178428761650154e-02
2.642857142857142794e+00 -1.073768308921437160e-02 -1.073768308921437160e-02
2.659183673469387443e+00 7.322503328894806873e-02 7.322503328894806873e-02
2.675510204081632537e+00 -3.507856191744340019e-02 -3.507856191744340019e-02
2.691836734693877631e+00 4.784021304926763113e-02 4.784021304926763113e-02
2.708163265306122280e+00 8.308921438082554969e-03 8.308921438082554969e-03
2.724489795918367374e+00 4.594407456724366318e-02 4.594407456724366318e-02
2.740816326530612024e+00 1.947270306258322425e-02 1.947270306258322425e-02
2.757142857142857117e+00 2.745139813581890659e-02 2.745139813581890659e-02
2.773469387755102211e+00 -7.403462050599204057e-03 -7.403462050599204057e-03
2.789795918367346861e+00 -1.658588548601864013e-02 -1.658588548601864013e-02
2.806122448979591955e+00 -7.850865512649803091e-03 -7.850865512649803091e-03
2.822448979591836604e+00 -1.578695073235684976e-02 -1.578695073235684976e-02
2.838775510204081698e+00 -5.209054593874834146e-03 -5.209054593874834146e-03
2.855102040816326792e+00 -6.263648468708387339e-03 -6.263648468708387339e-03
2.871428571428571441e+00 -1.046071904127829355e-02 -1.046071904127829355e-02
2.887755102040816091e+00 -3.300133155792276535e-02 -3.300133155792276535e-02
2.904081632653061185e+00 -1.829027962716378228e-02 -1.829027962716378228e-02
2.920408163265306278e+00 1.194141145139813315e-02 1.194141145139813315e-02
2.936734693877550928e+00 3.941411451398129512e-03 3.941411451398129512e-03
2.953061224489796022e+00 4.687083888149126925e-04 4.687083888149126925e-04
2.969387755102040671e+00 3.994673768308922360e-03 3.994673768308922360e-03
2.985714285714285765e+00 -8.617842876165111507e-03 -8.617842876165111507e-03
3.002040816326530859e+00 5.091877496671106014e-03 5.091877496671106014e-03
3.018367346938775508e+00 -1.144074567243674907e-02 -1.144074567243674907e-02
3.034693877551020602e+00 1.394407456724367639e-02 1.394407456724367639e-02
3.051020408163265252e+00 2.079360852197071133e-02 2.079360852197071133e-02
3.067346938775510345e+00 4.441011984021305675e-02 4.441011984021305675e-02
3.083673469387755439e+00 7.142476697736351021e-02 7.142476697736351021e-02
3.100000000000000089e+00 1.251664447403462097e-02 1.251664447403462097e-02
