# T,m,m_err
1.000000000000000056e-01 -1.000000000000000000e+00 -1.000000000000000000e+00
1.459459459459459540e-01 -1.000000000000000000e+00 -1.000000000000000000e+00
1.918918918918918748e-01 -1.000000000000000000e+00 -1.000000000000000000e+00
2.378378378378378233e-01 -1.000000000000000000e+00 -1.000000000000000000e+00
2.837837837837837718e-01 -1.000000000000000000e+00 -1.000000000000000000e+00
3.297297297297296925e-01 -1.000000000000000000e+00 -1.000000000000000000e+00
3.756756756756756133e-01 -1.000000000000000000e+00 -1.000000000000000000e+00
4.216216216216216450e-01 -1.000000000000000000e+00 -1.000000000000000000e+00
4.675675675675675658e-01 1.000000000000000000e+00 1.000000000000000000e+00
5.135135135135134865e-01 -1.000000000000000000e+00 -1.000000000000000000e+00
5.594594594594594072e-01 -1.000000000000000000e+00 -1.000000000000000000e+00
6.054054054054053280e-01 9.999920106524634589e-01 9.999920106524634589e-01
6.513513513513512487e-01 -9.999866844207723204e-01 -9.999866844207723204e-01
6.972972972972971695e-01 9.999707057256990161e-01 9.999707057256990161e-01
7.432432432432432012e-01 -9.999760319573901546e-01 -9.999760319573901546e-01
7.891891891891891220e-01 -9.998961384820239662e-01 -9.998961384820239662e-01
8.351351351351350427e-01 -9.999334221038616022e-01 -9.999334221038616022e-01
8.810810810810809635e-01 -9.997363515312914783e-01 -9.997363515312914783e-01
9.270270270270268842e-01 -9.996857523302262738e-01 -9.996857523302262738e-01
9.729729729729729160e-01 9.993422103861517858e-01 9.993422103861517858e-01
1.018918918918918948e+00 9.992436750998668904e-01 9.992436750998668904e-01
1.064864864864864868e+00 -9.987376830892142898e-01 -9.987376830892142898e-01
1.110810810810810789e+00 9.984101198402131061e-01 9.984101198402131061e-01
1.156756756756756710e+00 9.975552596537948791e-01 9.975552596537948791e-01
1.202702702702702631e+00 9.971078561917443572e-01 9.971078561917443572e-01
1.248648648648648551e+00 -9.960665778961385053e-01 -9.960665778961385053e-01
1.294594594594594472e+00 -9.948069241011984198e-01 -9.948069241011984198e-01
1.340540540540540615e+00 -9.934753661784287981e-01 -9.934753661784287981e-01
1.386486486486486536e+00 -9.916990679094540573e-01 -9.916990679094540573e-01
1.432432432432432456e+00 9.897363515312914695e-01 9.897363515312914695e-01
1.478378378378378377e+00 9.882876165113181344e-01 9.882876165113181344e-01
1.524324324324324298e+00 9.852143808255658941e-01 9.852143808255658941e-01
1.570270270270270219e+00 9.821438082556590565e-01 9.821438082556590565e-01
1.616216216216216139e+00 9.794434087882821771e-01 9.794434087882821771e-01
1.662162162162162060e+00 -9.750599201065246469e-01 -9.750599201065246469e-01
1.708108108108107981e+00 9.714540612516644469e-01 9.714540612516644469e-01
1.754054054054053902e+00 9.663941411451397734e-01 9.663941411451397734e-01
1.799999999999999822e+00 -9.599760319573901191e-01 -9.599760319573901191e-01
1.845945945945945965e+00 -9.551158455392808611e-01 -9.551158455392808611e-01
1.891891891891891886e+00 9.463195739014645946e-01 9.463195739014645946e-01
1.937837837837837807e+00 -9.401544607190412961e-01 -9.401544607190412961e-01
1.983783783783783727e+00 -9.334007989347536949e-01 -9.334007989347536949e-01
2.029729729729729648e+00 9.207776298268974813e-01 9.207776298268974813e-01
2.075675675675675347e+00 9.109347536617844465e-01 9.109347536617844465e-01
2.121621621621621490e+00 9.003515312916111624e-01 9.003515312916111624e-01
2.167567567567567632e+00 8.848495339547269856e-01 8.848495339547269856e-01
2.213513513513513331e+00 8.753981358189081297e-01 8.753981358189081297e-01
2.259459459459459474e+00 8.547057256990678864e-01 8.547057256990678864e-01
2.305405405405405173e+00 8.394700399467377450e-01 8.394700399467377450e-01
2.351351351351351315e+00 8.047802929427431140e-01 8.047802929427431140e-01
2.397297297297297014e+00 -7.883701731025299919e-01 -7.883701731025299919e-01
2.443243243243243157e+00 7.715632490013315525e-01 7.715632490013315525e-01
2.489189189189188856e+00 7.379866844207724208e-01 7.379866844207724208e-01
2.535135135135134998e+00 -7.010492676431425707e-01 -7.010492676431425707e-01
2.581081081081081141e+00 -6.666284953395472668e-01 -6.666284953395472668e-01
2.627027027027026840e+00 6.169267643142476443e-01 6.169267643142476443e-01
2.672972972972972983e+00 -4.012436750998668589e-01 -4.012436750998668589e-01
2.718918918918918681e+00 -1.890918774966711124e-01 -1.890918774966711124e-01
2.764864864864864824e+00 -1.157629826897470238e-01 -1.157629826897470238e-01
2.810810810810810523e+00 -3.685752330226370593e-03 -3.685752330226370593e-03
2.856756756756756666e+00 1.203728362183756123e-03 1.203728362183756123e-03
2.902702702702702364e+00 1.195472703062583700e-02 1.195472703062583700e-02
2.948648648648648507e+00 2.239680426098532295e-03 2.239680426098532295e-03
2.994594594594594206e+00 2.929427430093209817e-03 2.929427430093209817e-03
3.040540540540540349e+00 -4.007989347536616669e-03 -4.007989347536616669e-03
3.086486486486486491e+00 5.781624500665777031e-03 5.781624500665777031e-03
3.132432432432432190e+00 1.011717709720372921e-02 1.011717709720372921e-02
3.178378378378378333e+00 8.644474034620505329e-03 8.644474034620505329e-03
3.224324324324324031e+00 -4.194940079893476337e-02 -4.194940079893476337e-02
3.270270270270270174e+00 1.533954727030625853e-02 1.533954727030625853e-02
3.316216216216215873e+00 -7.946737683089214258e-03 -7.946737683089214258e-03
3.362162162162162016e+00 1.308921438082556558e-02 1.308921438082556558e-02
3.408108108108107714e+00 -2.037283621837549744e-03 -2.037283621837549744e-03
3.454054054054053857e+00 6.545938748335555259e-03 6.545938748335555259e-03
3.500000000000000000e+00 -1.086817576564580619e-02 -1.086817576564580619e-02
