# T,m,m_err
1.699999999999999956e+00 9.711158455392809863e-01 9.926824238638649531e-03
1.731818181818181701e+00 -9.677576564580558927e-01 1.003004099380316178e-02
1.763636363636363669e+00 -9.661544607190410971e-01 1.062256990658230933e-02
1.795454545454545414e+00 9.615525965379493334e-01 1.082592393640833227e-02
1.827272727272727160e+00 -9.563834886817574876e-01 1.285551974169459738e-02
1.859090909090909127e+00 9.526311584553927014e-01 1.384606405696934932e-02
1.890909090909090873e+00 9.477976031957389136e-01 1.385031429148950687e-02
1.922727272727272618e+00 -9.434886817576564333e-01 1.503815182724969543e-02
1.954545454545454586e+00 -9.377949400798935020e-01 1.570281683078470977e-02
1.986363636363636331e+00 -9.316191744340878156e-01 1.697052680808718711e-02
2.018181818181818077e+00 -9.250572569906791998e-01 1.806853861869981218e-02
2.049999999999999822e+00 -9.128495339547271215e-01 2.087021582473655434e-02
2.081818181818182012e+00 -9.073874833555261032e-01 2.115664241871753615e-02
2.113636363636363757e+00 8.980798934753660978e-01 2.211347103133968345e-02
2.145454545454545503e+00 8.935978695073235611e-01 2.184738728117387868e-02
2.177272727272727249e+00 -8.819573901464714538e-01 2.408016561705346795e-02
2.209090909090908994e+00 8.730652463382156947e-01 2.741552338868747524e-02
2.240909090909091184e+00 8.624633821571237036e-01 2.852780882187633607e-02
2.272727272727272485e+00 8.468202396804260790e-01 2.779894365112313415e-02
2.304545454545454675e+00 -8.400266311584554391e-01 3.346543554178110780e-02
2.336363636363636420e+00 -8.234487350199732880e-01 3.439288503469399572e-02
2.368181818181818166e+00 8.084127829560584511e-01 3.564591432549730349e-02
2.399999999999999911e+00 -7.933661784287616703e-01 4.311410403360629168e-02
2.431818181818181657e+00 7.808042609853528271e-01 4.043838051070654943e-02
2.463636363636363846e+00 7.544154460719041388e-01 4.571733888072418428e-02
2.495454545454545592e+00 7.398535286284951829e-01 4.633824418016482816e-02
2.527272727272727337e+00 7.121091877496671385e-01 5.286441021754778591e-02
2.559090909090909083e+00 6.795632490013315818e-01 6.262267051486516967e-02
2.590909090909090828e+00 -6.537629826897469743e-01 6.956201010770701743e-02
2.622727272727273018e+00 6.216245006657790118e-01 7.242030478296256069e-02
2.654545454545454763e+00 5.858055925432756883e-01 8.760205094388862079e-02
2.686363636363636509e+00 2.111877496671104859e-01 5.074269135612086146e-01
2.718181818181818254e+00 -7.447936085219707125e-02 4.880086379009115904e-01
2.750000000000000000e+00 -3.288948069241019907e-03 4.406220156968286839e-01
2.781818181818182190e+00 -5.837549933422113944e-03 3.849116179548326411e-01
2.813636363636363491e+00 -1.806125166444740027e-02 3.261856079628719929e-01
2.845454545454545681e+00 -2.023968042609852833e-03 2.908148879030534872e-01
2.877272727272727426e+00 -1.704394141145137162e-03 2.509991601502634673e-01
2.909090909090909172e+00 -1.359254327563249286e-02 2.177305023695738084e-01
2.940909090909090917e+00 -2.259653794940079743e-02 2.006529579198097213e-01
2.972727272727272663e+00 1.065512649800266429e-02 1.760507041634181979e-01
3.004545454545454852e+00 -1.097203728362183221e-03 1.533242471772609250e-01
3.036363636363636154e+00 5.003994673768307963e-03 1.476761805830779095e-01
3.068181818181818343e+00 2.974700399467376105e-03 1.400159327024228795e-01
3.100000000000000089e+00 -7.757656458055924714e-03 1.382557111625955792e-01
