# T,m,m_err
1.699999999999999956e+00 9.719786950732357544e-01 1.245218065604474303e-02
1.731818181818181701e+00 -9.671318242343542870e-01 1.504020131714283413e-02
1.763636363636363669e+00 9.649533954727029794e-01 1.562430797792361062e-02
1.795454545454545414e+00 9.608788282290278149e-01 1.655157670947682291e-02
1.827272727272727160e+00 -9.588868175765645763e-01 1.840097040130576206e-02
1.859090909090909127e+00 -9.524367509986684244e-01 1.905296932352516098e-02
1.890909090909090873e+00 -9.450279627163780116e-01 2.086155023018659502e-02
1.922727272727272618e+00 9.415339547270306086e-01 2.035820645618035066e-02
1.954545454545454586e+00 9.364793608521971846e-01 2.203167523905431163e-02
1.986363636363636331e+00 -9.287296937416777975e-01 2.521809338802685069e-02
2.018181818181818077e+00 9.263861517976031967e-01 2.612140089132966927e-02
2.049999999999999822e+00 9.165379494007990235e-01 2.662734566580931064e-02
2.081818181818182012e+00 9.105672436750998910e-01 2.808116337708244092e-02
2.113636363636363757e+00 -9.036857523302265216e-01 2.903228006350283205e-02
2.145454545454545503e+00 -8.916218375499335158e-01 3.420383408524158703e-02
2.177272727272727249e+00 -8.837283621837550562e-01 3.297177475669920560e-02
2.209090909090908994e+00 8.759414114513981442e-01 3.455968846381857196e-02
2.240909090909091184e+00 -8.581677762982690139e-01 4.027453822218050178e-02
2.272727272727272485e+00 -8.468175765645805653e-01 4.355210247293135606e-02
2.304545454545454675e+00 -8.340932090545938316e-01 5.042716960702306461e-02
2.336363636363636420e+00 -8.239414114513980980e-01 4.814023874082661025e-02
2.368181818181818166e+00 8.094167776298270001e-01 4.664665244748447681e-02
2.399999999999999911e+00 -7.802343541944074534e-01 5.572911888734440045e-02
2.431818181818181657e+00 7.714620505992010324e-01 5.830658065883532332e-02
2.463636363636363846e+00 -7.392809587217044065e-01 9.110357370646977870e-02
2.495454545454545592e+00 -7.223115845539279656e-01 8.282459518481895266e-02
2.527272727272727337e+00 -7.048628495339547273e-01 8.105418017908345985e-02
2.559090909090909083e+00 -4.291238348868175456e-01 5.346509986810272785e-01
2.590909090909090828e+00 3.188282290279625952e-02 6.565642624629842716e-01
2.622727272727273018e+00 5.040745672436749980e-02 6.148935704280197312e-01
2.654545454545454763e+00 1.476058588548601891e-01 5.632287879321812296e-01
2.686363636363636509e+00 -1.749081225033288778e-01 5.079243795226991987e-01
2.718181818181818254e+00 -2.025299600532623201e-01 4.481947590558575945e-01
2.750000000000000000e+00 -3.972303595206391064e-02 4.494768884206820636e-01
2.781818181818182190e+00 -2.515046604527296573e-02 4.122962200881592487e-01
2.813636363636363491e+00 1.401331557922769547e-02 3.586946519692255642e-01
2.845454545454545681e+00 1.968575233022636789e-02 3.389368312080204282e-01
2.877272727272727426e+00 2.268974700399469750e-03 2.979826482832685919e-01
2.909090909090909172e+00 2.178428761651132056e-02 2.702515892844618572e-01
2.940909090909090917e+00 -1.140346205059920154e-02 2.464624515309489505e-01
2.972727272727272663e+00 2.982689747003996160e-03 2.310140408082479724e-01
3.004545454545454852e+00 5.059920106524660273e-04 2.241733675063025399e-01
3.036363636363636154e+00 -7.547270306258323409e-03 2.044820486454687336e-01
3.068181818181818343e+00 -3.659121171770974602e-03 1.952632445370534042e-01
3.100000000000000089e+00 1.119041278295605790e-02 1.838732404037645984e-01
