# T,m,m_err
2.299999999999999822e+00 7.057256990679094955e-02 7.057256990679094955e-02
2.316326530612244916e+00 -3.030625832223700356e-02 -3.030625832223700356e-02
2.332653061224489566e+00 1.603195739014647292e-01 1.603195739014647292e-01
2.348979591836734659e+00 -1.125432756324900307e-01 -1.125432756324900307e-01
2.365306122448979309e+00 -8.921438082556591709e-02 -8.921438082556591709e-02
2.381632653061224403e+00 -3.067909454061251706e-02 -3.067909454061251706e-02
2.397959183673469052e+00 5.523302263648469101e-02 5.523302263648469101e-02
2.414285714285714146e+00 7.632490013315579302e-02 7.632490013315579302e-02
2.430612244897959240e+00 -1.528628495339546915e-02 -1.528628495339546915e-02
2.446938775510203889e+00 -5.443408788282290411e-02 -5.443408788282290411e-02
2.463265306122448983e+00 -1.233022636484687184e-01 -1.233022636484687184e-01
2.479591836734693633e+00 -1.253794940079893672e-01 -1.253794940079893672e-01
2.495918367346938727e+00 -1.263382157123834892e-01 -1.263382157123834892e-01
2.512244897959183376e+00 1.773635153129160882e-02 1.773635153129160882e-02
2.528571428571428470e+00 3.035952063914780855e-02 3.035952063914780855e-02
2.544897959183673564e+00 -2.806924101198403007e-02 -2.806924101198403007e-02
2.561224489795918213e+00 -1.651131824234359276e-03 -1.651131824234359276e-03
2.577551020408163307e+00 -3.339547270306258281e-02 -3.339547270306258281e-02
2.593877551020407957e+00 1.810918774966711582e-03 1.810918774966711582e-03
2.610204081632653050e+00 -9.001331557922770052e-03 -9.001331557922770052e-03
2.626530612244897700e+00 2.513981358189082069e-02 2.513981358189082069e-02
2.642857142857142794e+00 -1.166444740346204989e-02 -1.166444740346204989e-02
2.659183673469387443e+00 5.565912117177097135e-02 5.565912117177097135e-02
2.675510204081632537e+00 -3.355525965379493620e-03 -3.355525965379493620e-03
2.691836734693877631e+00 5.256990679094539903e-02 5.256990679094539903e-02
2.708163265306122280e+00 -3.190412782956057736e-02 -3.190412782956057736e-02
2.724489795918367374e+00 2.609853528628495664e-02 2.609853528628495664e-02
2.740816326530612024e+00 -1.704394141145141282e-03 -1.704394141145141282e-03
2.757142857142857117e+00 -2.119840213049268077e-02 -2.119840213049268077e-02
2.773469387755102211e+00 -3.563249001331557364e-02 -3.563249001331557364e-02
2.789795918367346861e+00 -2.769640479360851656e-02 -2.769640479360851656e-02
2.806122448979591955e+00 -1.352862849533954456e-02 -1.352862849533954456e-02
2.822448979591836604e+00 2.450066577896143141e-03 2.450066577896143141e-03
2.838775510204081698e+00 3.014647137150466144e-02 3.014647137150466144e-02
2.855102040816326792e+00 4.900133155792274139e-03 4.900133155792274139e-03
2.871428571428571441e+00 -5.592543275632490089e-03 -5.592543275632490089e-03
2.887755102040816091e+00 1.278295605858856612e-03 1.278295605858856612e-03
2.904081632653061185e+00 -1.155792276964048328e-02 -1.155792276964048328e-02
2.920408163265306278e+00 5.699067909454060173e-03 5.699067909454060173e-03
2.936734693877550928e+00 6.657789613848202198e-03 6.657789613848202198e-03
2.953061224489796022e+00 3.723035952063914744e-02 3.723035952063914744e-02
2.969387755102040671e+00 -2.178428761651131709e-02 -2.178428761651131709e-02
2.985714285714285765e+00 -5.965379494007991452e-03 -5.965379494007991452e-03
3.002040816326530859e+00 8.042609853528630628e-03 8.042609853528630628e-03
3.018367346938775508e+00 -3.621837549933419262e-03 -3.621837549933419262e-03
3.034693877551020602e+00 -2.103861517976031784e-02 -2.103861517976031784e-02
3.051020408163265252e+00 9.587217043941409847e-03 9.587217043941409847e-03
3.067346938775510345e+00 2.109187749667110895e-02 2.109187749667110895e-02
3.083673469387755439e+00 1.304926764314248006e-02 1.304926764314248006e-02
3.100000000000000089e+00 -2.380825565912117470e-02 -2.380825565912117470e-02
