# T,m,m_err
1.000000000000000056e-01 1.000000000000000000e+00 0.000000000000000000e+00
1.206896551724137984e-01 1.000000000000000000e+00 0.000000000000000000e+00
1.413793103448275912e-01 1.000000000000000000e+00 0.000000000000000000e+00
1.620689655172413701e-01 1.000000000000000000e+00 0.000000000000000000e+00
1.827586206896551768e-01 9.999414114513981433e-01 1.604513484036440172e-03
2.034482758620689835e-01 1.000000000000000000e+00 0.000000000000000000e+00
2.241379310344827624e-01 9.997097203728361192e-01 5.617729097664943098e-03
2.448275862068965691e-01 9.957017310252996856e-01 3.028469415507006185e-02
2.655172413793103203e-01 -6.604207723035951938e-01 4.341594616387265404e-01
2.862068965517241548e-01 -3.515818908122502751e-01 7.330883695309622361e-01
3.068965517241379337e-01 -3.251664447403471939e-03 8.029387364101875368e-01
3.275862068965517127e-01 6.439946737683090172e-02 4.677006795435750819e-01
3.482758620689655471e-01 4.632490013315580801e-02 4.918179119225321028e-01
3.689655172413792705e-01 -7.505992010652463853e-02 4.446405635609230189e-01
3.896551724137931050e-01 5.963781624500665013e-02 3.778770706733041718e-01
4.103448275862069394e-01 2.623701731025300174e-02 3.779976289228060282e-01
4.310344827586206629e-01 -1.591211717709720141e-02 3.228911467911079192e-01
4.517241379310344973e-01 -2.133528628495339752e-01 2.074673397406149866e-01
4.724137931034482207e-01 -8.950732356857521443e-02 2.531632466223589506e-01
4.931034482758620552e-01 9.470039946737682235e-02 2.172505704772179358e-01
5.137931034482758896e-01 1.353901464713715141e-01 1.484019655920693348e-01
5.344827586206896131e-01 1.302263648468708623e-02 2.160579846937077941e-01
5.551724137931034475e-01 8.670572569906791205e-02 2.094151578628340449e-01
5.758620689655172820e-01 3.266311584553928393e-02 1.636906966370554883e-01
5.965517241379310054e-01 -3.091877496671104238e-03 1.596867800528233849e-01
6.172413793103448398e-01 3.513981358189081222e-02 1.399199329708784023e-01
6.379310344827585633e-01 -4.181091877496669572e-03 1.659995322354946012e-01
6.586206896551723977e-01 2.733422103861517932e-02 1.498342231316456830e-01
6.793103448275862322e-01 5.891611185086551711e-02 1.302682355851143836e-01
6.999999999999999556e-01 -5.350199733688412035e-03 1.377829537358419287e-01
