# T,m,m_err
1.000000000000000056e-01 1.000000000000000000e+00 0.000000000000000000e+00
1.322033898305084720e-01 -1.000000000000000000e+00 0.000000000000000000e+00
1.644067796610169663e-01 -1.000000000000000000e+00 0.000000000000000000e+00
1.966101694915254328e-01 -1.000000000000000000e+00 0.000000000000000000e+00
2.288135593220338992e-01 9.996458055925433461e-01 6.877836835137990899e-03
2.610169491525423657e-01 6.269747003994674550e-01 7.392156696688940709e-01
2.932203389830508877e-01 -3.652037283621837882e-01 7.341354543173213010e-01
3.254237288135592987e-01 2.838002663115845592e-01 6.211440821250067135e-01
3.576271186440678207e-01 9.899600532623169247e-02 4.967518342233698259e-01
3.898305084745762317e-01 1.347536617842867235e-03 4.598982523565000036e-01
4.220338983050847537e-01 -9.672436750998672506e-03 3.418321190717487634e-01
4.542372881355931646e-01 1.433288948069241231e-01 1.744051551410981948e-01
4.864406779661016866e-01 2.187563249001331922e-01 2.348596725470135926e-01
5.186440677966102086e-01 -9.827962716378163543e-02 2.054468199882144297e-01
5.508474576271186196e-01 -2.005059920106523966e-02 2.098527353699513043e-01
5.830508474576271416e-01 -1.895073235685752408e-02 1.898079384486647259e-01
6.152542372881355526e-01 -3.154460719041278505e-02 1.628318316556840450e-01
6.474576271186440746e-01 -3.052729693741677505e-02 1.273970443587105483e-01
6.796610169491524855e-01 -3.707589880159786744e-02 1.430865887118663859e-01
7.118644067796610075e-01 -1.685219707057257141e-02 1.162142666978583511e-01
7.440677966101694185e-01 9.731025299600530934e-03 1.188139212899354397e-01
7.762711864406779405e-01 -1.112117177097203709e-02 1.164967323417130246e-01
8.084745762711863515e-01 -6.844207723035957867e-04 1.092926793398700802e-01
8.406779661016948735e-01 -1.841011984021305101e-02 1.082267290350007183e-01
8.728813559322033955e-01 -8.431424766977361693e-03 9.296320462750040647e-02
9.050847457627118064e-01 5.845539280958722723e-03 9.400704057943806702e-02
9.372881355932203284e-01 1.157656458055925271e-02 8.579216011423228261e-02
9.694915254237287394e-01 -4.591211717709721071e-03 8.781163642331993313e-02
1.001694915254237372e+00 -2.181091877496672132e-03 8.669255847963665274e-02
1.033898305084745672e+00 -4.689747003994673702e-03 8.362479381070384021e-02
1.066101694915254194e+00 -3.528628495339547824e-03 7.968470770768913691e-02
1.098305084745762716e+00 7.805592543275633767e-03 7.989286781837348639e-02
1.130508474576271238e+00 7.051930758988017925e-03 7.618182901128846274e-02
1.162711864406779760e+00 6.639147802929428431e-03 7.484643140689471730e-02
1.194915254237288282e+00 1.928095872170439932e-03 7.506900613431266578e-02
1.227118644067796582e+00 -3.541944074567242350e-04 6.793901260056185720e-02
1.259322033898305104e+00 -7.358189081225032999e-03 6.767776953227981618e-02
1.291525423728813626e+00 -7.129161118508656192e-03 7.290555763942635492e-02
1.323728813559322148e+00 -1.339547270306258673e-03 6.649970631019588851e-02
1.355932203389830448e+00 -7.536617842876171432e-04 6.718816540492443534e-02
1.388135593220338970e+00 -1.419440745672436886e-03 6.476863335800799037e-02
1.420338983050847492e+00 7.217043941411455978e-04 6.142867250627611492e-02
1.452542372881356014e+00 1.336884154460719594e-03 6.345693537784893867e-02
1.484745762711864536e+00 9.241011984021301005e-04 6.232352634259962637e-02
1.516949152542372836e+00 -6.711051930758985505e-04 6.225498191801282638e-02
1.549152542372881358e+00 -3.834886817576564850e-04 5.845468450140951094e-02
1.581355932203389880e+00 3.038615179760318329e-03 5.919376069434623827e-02
1.613559322033898402e+00 3.906790945406125176e-03 6.039106329957245889e-02
1.645762711864406924e+00 -7.776298268974700433e-04 5.732828658104447556e-02
1.677966101694915224e+00 2.902796271637821742e-04 5.584042223200239019e-02
1.710169491525423746e+00 -6.106524633821571943e-03 5.576237722473866704e-02
1.742372881355932268e+00 3.267643142476697304e-03 5.815532262460351015e-02
1.774576271186440790e+00 -1.384820239680426696e-03 5.657654262766542708e-02
1.806779661016949090e+00 -1.754993342210386161e-03 5.391568748108363507e-02
1.838983050847457612e+00 6.231691078561914492e-04 5.282521939444519837e-02
1.871186440677966134e+00 3.808255659121172437e-04 5.491083540969255578e-02
1.903389830508474656e+00 3.563249001331557364e-03 5.534023495995191860e-02
1.935593220338983178e+00 -3.025299600532622719e-03 5.251459145788722055e-02
1.967796610169491478e+00 3.792276964047935905e-03 5.041547216708460594e-02
2.000000000000000000e+00 -1.888149134487350717e-03 5.205065908537022390e-02
