# T,m,m_err
1.000000000000000056e-01 1.000000000000000000e+00 0.000000000000000000e+00
1.206896551724137984e-01 1.000000000000000000e+00 0.000000000000000000e+00
1.413793103448275912e-01 -1.000000000000000000e+00 0.000000000000000000e+00
1.620689655172413701e-01 -1.000000000000000000e+00 0.000000000000000000e+00
1.827586206896551768e-01 1.000000000000000000e+00 0.000000000000000000e+00
2.034482758620689835e-01 1.000000000000000000e+00 0.000000000000000000e+00
2.241379310344827624e-01 -1.000000000000000000e+00 0.000000000000000000e+00
2.448275862068965691e-01 1.000000000000000000e+00 0.000000000000000000e+00
2.655172413793103203e-01 -3.314513981358189199e-01 9.191783382699190152e-01
2.862068965517241548e-01 -9.979121171770972687e-01 2.595474397225609742e-02
3.068965517241379337e-01 2.065619174434087657e-01 9.542093769788158042e-01
3.275862068965517127e-01 1.575073235685752471e-01 9.630071449706942843e-01
3.482758620689655471e-01 7.274567243675098549e-01 5.733740658292528769e-01
3.689655172413792705e-01 -6.379760319573903049e-02 8.128029335797207766e-01
3.896551724137931050e-01 -1.032223701731025678e-01 8.132858914493725777e-01
4.103448275862069394e-01 -4.701997336884156109e-02 7.479792063128698487e-01
4.310344827586206629e-01 1.510519307589881267e-02 3.285124254901085616e-01
4.517241379310344973e-01 -2.102157123834887120e-01 6.312816556032578852e-01
4.724137931034482207e-01 -1.179440745672436508e-01 5.411665380505661371e-01
4.931034482758620552e-01 3.544181091877496859e-01 3.661138936280304290e-01
5.137931034482758896e-01 -2.693049267643142231e-01 4.844366436869727566e-01
5.344827586206896131e-01 1.364580559254327530e-01 3.960157941623635436e-01
5.551724137931034475e-01 2.364846870838881732e-01 4.017195522173278022e-01
5.758620689655172820e-01 3.670838881491344380e-02 4.283733813443688643e-01
5.965517241379310054e-01 9.172836218375500505e-02 3.372163493853616023e-01
6.172413793103448398e-01 4.665778961384812670e-03 3.358750066922689403e-01
6.379310344827585633e-01 4.500665778961384506e-02 3.468378112785639455e-01
6.586206896551723977e-01 3.831691078561917652e-02 2.937532696936377974e-01
6.793103448275862322e-01 -1.920639147802928950e-02 2.670734799404673177e-01
6.999999999999999556e-01 5.843941411451397672e-02 2.531097113042370950e-01
