# T,m,m_err
1.000000000000000056e-01 -1.000000000000000000e+00 0.000000000000000000e+00
1.206896551724137984e-01 1.000000000000000000e+00 0.000000000000000000e+00
1.413793103448275912e-01 1.000000000000000000e+00 0.000000000000000000e+00
1.620689655172413701e-01 -1.000000000000000000e+00 0.000000000000000000e+00
1.827586206896551768e-01 -1.000000000000000000e+00 0.000000000000000000e+00
2.034482758620689835e-01 -1.000000000000000000e+00 0.000000000000000000e+00
2.241379310344827624e-01 -1.000000000000000000e+00 0.000000000000000000e+00
2.448275862068965691e-01 9.999538393253439850e-01 1.170834472233847666e-03
2.655172413793103203e-01 9.952632046160673207e-01 3.305415884012034844e-02
2.862068965517241548e-01 9.976387039502885301e-01 2.045602934866658229e-02
3.068965517241379337e-01 1.163568575233022012e-01 7.970549151971061397e-01
3.275862068965517127e-01 4.354194407456724591e-01 6.657368831277588050e-01
3.482758620689655471e-01 2.477123834886817699e-01 7.042892670159726087e-01
3.689655172413792705e-01 7.556857523302262791e-02 5.014052709548335596e-01
3.896551724137931050e-01 -2.643550821127385597e-01 4.576227003208338528e-01
4.103448275862069394e-01 -7.732978251220597177e-02 5.102777384017894713e-01
4.310344827586206629e-01 9.518686196182866988e-02 4.012407113529362079e-01
4.517241379310344973e-01 -2.709915667998224476e-01 2.627275616311939843e-01
4.724137931034482207e-01 -1.833750554815801181e-01 3.641402759761809271e-01
4.931034482758620552e-01 -1.051043053706169662e-02 2.104975622279224579e-01
5.137931034482758896e-01 2.136777629826897562e-01 1.927763676988280828e-01
5.344827586206896131e-01 9.419618286728805023e-02 1.817422707449116992e-01
5.551724137931034475e-01 8.428584110075455771e-02 2.485937295992469709e-01
5.758620689655172820e-01 3.998934753661784192e-02 2.008793331090562850e-01
5.965517241379310054e-01 2.981624500665778360e-02 1.929939595142302899e-01
6.172413793103448398e-01 1.377718597425654605e-02 1.924822614831304124e-01
6.379310344827585633e-01 1.900399467376830825e-02 1.619573420134679809e-01
6.586206896551723977e-01 1.641189525077674238e-02 1.755164801675870301e-01
6.793103448275862322e-01 -1.077674212161562617e-02 1.561212261974586901e-01
6.999999999999999556e-01 9.189525077674213019e-03 1.445919534267553208e-01
