# T,m,m_err
1.000000000000000056e-01 -1.000000000000000000e+00 -1.000000000000000000e+00
1.459459459459459540e-01 -1.000000000000000000e+00 -1.000000000000000000e+00
1.918918918918918748e-01 1.000000000000000000e+00 1.000000000000000000e+00
2.378378378378378233e-01 1.000000000000000000e+00 1.000000000000000000e+00
2.837837837837837718e-01 1.000000000000000000e+00 1.000000000000000000e+00
3.297297297297296925e-01 1.000000000000000000e+00 1.000000000000000000e+00
3.756756756756756133e-01 1.000000000000000000e+00 1.000000000000000000e+00
4.216216216216216450e-01 -1.000000000000000000e+00 -1.000000000000000000e+00
4.675675675675675658e-01 1.000000000000000000e+00 1.000000000000000000e+00
5.135135135135134865e-01 -1.000000000000000000e+00 -1.000000000000000000e+00
5.594594594594594072e-01 9.999920106524634589e-01 9.999920106524634589e-01
6.054054054054053280e-01 1.000000000000000000e+00 1.000000000000000000e+00
6.513513513513512487e-01 -9.999840213049268067e-01 -9.999840213049268067e-01
6.972972972972971695e-01 9.999840213049268067e-01 9.999840213049268067e-01
7.432432432432432012e-01 -9.999121171770971594e-01 -9.999121171770971594e-01
7.891891891891891220e-01 -9.999147802929426732e-01 -9.999147802929426732e-01
8.351351351351350427e-01 -9.998695073235686070e-01 -9.998695073235686070e-01
8.810810810810809635e-01 9.997230359520639098e-01 9.997230359520639098e-01
9.270270270270268842e-01 -9.995872170439414894e-01 -9.995872170439414894e-01
9.729729729729729160e-01 9.994194407456725715e-01 9.994194407456725715e-01
1.018918918918918948e+00 9.991744340878828678e-01 9.991744340878828678e-01
1.064864864864864868e+00 9.987137150466045554e-01 9.987137150466045554e-01
1.110810810810810789e+00 -9.984873501997337808e-01 -9.984873501997337808e-01
1.156756756756756710e+00 -9.978535286284954120e-01 -9.978535286284954120e-01
1.202702702702702631e+00 9.968015978695072832e-01 9.968015978695072832e-01
1.248648648648648551e+00 9.957656458055924587e-01 9.957656458055924587e-01
1.294594594594594472e+00 -9.949667110519307966e-01 -9.949667110519307966e-01
1.340540540540540615e+00 -9.937070572569907112e-01 -9.937070572569907112e-01
1.386486486486486536e+00 -9.918055925432756048e-01 -9.918055925432756048e-01
1.432432432432432456e+00 -9.895952063914780217e-01 -9.895952063914780217e-01
1.478378378378378377e+00 -9.881198402130492164e-01 -9.881198402130492164e-01
1.524324324324324298e+00 -9.856378162450065705e-01 -9.856378162450065705e-01
1.570270270270270219e+00 -9.827536617842875799e-01 -9.827536617842875799e-01
1.616216216216216139e+00 -9.786737683089213879e-01 -9.786737683089213879e-01
1.662162162162162060e+00 -9.750705725699067017e-01 -9.750705725699067017e-01
1.708108108108107981e+00 9.704474034620506062e-01 9.704474034620506062e-01
1.754054054054053902e+00 -9.654753661784286622e-01 -9.654753661784286622e-01
1.799999999999999822e+00 -9.605139813581891062e-01 -9.605139813581891062e-01
1.845945945945945965e+00 9.542982689747003811e-01 9.542982689747003811e-01
1.891891891891891886e+00 -9.483994673768307848e-01 -9.483994673768307848e-01
1.937837837837837807e+00 9.426098535286285829e-01 9.426098535286285829e-01
1.983783783783783727e+00 -9.311371504660452825e-01 -9.311371504660452825e-01
2.029729729729729648e+00 -9.229507323568574284e-01 -9.229507323568574284e-01
2.075675675675675347e+00 9.128308921438083035e-01 9.128308921438083035e-01
2.121621621621621490e+00 -8.981331557922770381e-01 -8.981331557922770381e-01
2.167567567567567632e+00 8.874487350199732338e-01 8.874487350199732338e-01
2.213513513513513331e+00 8.658082556591211176e-01 8.658082556591211176e-01
2.259459459459459474e+00 -8.579280958721705597e-01 -8.579280958721705597e-01
2.305405405405405173e+00 -8.369241011984021039e-01 -8.369241011984021039e-01
2.351351351351351315e+00 8.141757656458055159e-01 8.141757656458055159e-01
2.397297297297297014e+00 -7.980719041278295789e-01 -7.980719041278295789e-01
2.443243243243243157e+00 7.678801597869506779e-01 7.678801597869506779e-01
2.489189189189188856e+00 7.345166444740345302e-01 7.345166444740345302e-01
2.535135135135134998e+00 -7.043035952063915195e-01 -7.043035952063915195e-01
2.581081081081081141e+00 6.666098535286285598e-01 6.666098535286285598e-01
2.627027027027026840e+00 4.057736351531291419e-01 4.057736351531291419e-01
2.672972972972972983e+00 3.902396804260985230e-01 3.902396804260985230e-01
2.718918918918918681e+00 -1.242316910785619399e-01 -1.242316910785619399e-01
2.764864864864864824e+00 8.911318242343539697e-02 8.911318242343539697e-02
2.810810810810810523e+00 7.645805592543273438e-03 7.645805592543273438e-03
2.856756756756756666e+00 7.770972037283622492e-03 7.770972037283622492e-03
2.902702702702702364e+00 -5.451398135818909599e-03 -5.451398135818909599e-03
2.948648648648648507e+00 5.379494007989358379e-04 5.379494007989358379e-04
2.994594594594594206e+00 -2.455392809587219130e-03 -2.455392809587219130e-03
3.040540540540540349e+00 7.243675099866835922e-04 7.243675099866835922e-04
3.086486486486486491e+00 -2.271637816245006009e-03 -2.271637816245006009e-03
3.132432432432432190e+00 -7.628229027962717124e-02 -7.628229027962717124e-02
3.178378378378378333e+00 -1.646870838881490592e-02 -1.646870838881490592e-02
3.224324324324324031e+00 4.659121171770972542e-02 4.659121171770972542e-02
3.270270270270270174e+00 1.708388814913448447e-02 1.708388814913448447e-02
3.316216216216215873e+00 1.271105193075898650e-02 1.271105193075898650e-02
3.362162162162162016e+00 5.334221038615178864e-03 5.334221038615178864e-03
3.408108108108107714e+00 -4.535286284953395433e-03 -4.535286284953395433e-03
3.454054054054053857e+00 -5.938748335552595028e-03 -5.938748335552595028e-03
3.500000000000000000e+00 2.144074567243675275e-02 2.144074567243675275e-02
