# T,m,m_err
1.699999999999999956e+00 9.723994673768308061e-01 1.877841069167269714e-02
1.731818181818181701e+00 -9.703541944074565162e-01 1.865110972189977165e-02
1.763636363636363669e+00 9.641118508655126540e-01 2.302984240461681750e-02
1.795454545454545414e+00 9.613635153129161948e-01 2.155140512840759276e-02
1.827272727272727160e+00 9.583914780292942526e-01 2.408443053551863680e-02
1.859090909090909127e+00 9.530865512649800975e-01 2.740069527259856100e-02
1.890909090909090873e+00 9.430625832223701321e-01 3.050528885162105686e-02
1.922727272727272618e+00 -9.414434087882822544e-01 3.144024715196588882e-02
1.954545454545454586e+00 -9.372250332889480173e-01 3.183631926275328622e-02
1.986363636363636331e+00 -9.299600532623168991e-01 3.603450782871719937e-02
2.018181818181818077e+00 9.234727030625832223e-01 3.740787512972923445e-02
2.049999999999999822e+00 9.157070572569907529e-01 3.850604864717781933e-02
2.081818181818182012e+00 9.067909454061251484e-01 4.451876395535780268e-02
2.113636363636363757e+00 -8.986631158455392621e-01 5.037089822402120165e-02
2.145454545454545503e+00 8.912596537949400988e-01 4.956981878221041610e-02
2.177272727272727249e+00 8.878828229027964092e-01 4.944374587224781292e-02
2.209090909090908994e+00 -8.702743009320905720e-01 5.556157431735674057e-02
2.240909090909091184e+00 8.685379494007988699e-01 5.491771678702574849e-02
2.272727272727272485e+00 -8.358774966711052246e-01 7.007977886464372697e-02
2.304545454545454675e+00 -8.134114513981358652e-01 1.239060243821356183e-01
2.336363636363636420e+00 -8.171717709720373035e-01 6.795119304234698010e-02
2.368181818181818166e+00 -8.244260985352862559e-01 6.439152511484817765e-02
2.399999999999999911e+00 -7.909880159786949472e-01 8.949605092972384712e-02
2.431818181818181657e+00 7.497097203728361192e-01 9.851540275146146441e-02
2.463636363636363846e+00 7.618428761651131476e-01 9.848066489100019971e-02
2.495454545454545592e+00 -2.029826897470039804e-01 6.837603620589538522e-01
2.527272727272727337e+00 2.272170439414114285e-01 6.649965766076670892e-01
2.559090909090909083e+00 3.562929427430092666e-01 5.700483119580075364e-01
2.590909090909090828e+00 -1.766391478029293860e-01 6.147052785734515856e-01
2.622727272727273018e+00 -1.394833555259653857e-01 5.981767677384136617e-01
2.654545454545454763e+00 -8.735019973368754638e-04 5.719653819181448329e-01
2.686363636363636509e+00 -2.918774966711052202e-02 5.431367157972289972e-01
2.718181818181818254e+00 4.913981358189081078e-02 5.004722354751126590e-01
2.750000000000000000e+00 -3.645272969374167837e-02 4.628323933456890971e-01
2.781818181818182190e+00 4.787217043941412176e-02 4.202574122856627681e-01
2.813636363636363491e+00 -3.834886817576566476e-04 3.956607538840911653e-01
2.845454545454545681e+00 2.706790945406125498e-02 3.840614193290803891e-01
2.877272727272727426e+00 1.046071904127829529e-02 3.582978486173905575e-01
2.909090909090909172e+00 -9.054593874833552491e-03 3.244770631793494342e-01
2.940909090909090917e+00 -2.086817576564580987e-02 3.121206916632014994e-01
2.972727272727272663e+00 1.563781624500665615e-02 3.061612794089836331e-01
3.004545454545454852e+00 -1.634087882822902668e-02 2.726012992550705949e-01
3.036363636363636154e+00 2.797336884154461023e-02 2.716127487976645050e-01
3.068181818181818343e+00 -1.055659121171770645e-02 2.540329390997050907e-01
3.100000000000000089e+00 -1.181358189081225044e-02 2.493608711817425494e-01
