# T,E,E_err,m,m_err
1.000000000000000056e-01 -1.008000000000000000e+03 -1.008000000000000000e+03 1.000000000000000000e+03 1.000000000000000000e+03
1.393939393939394034e-01 -1.027627163781624404e+03 -1.027627163781624404e+03 -9.645086551264979562e+02 -9.645086551264979562e+02
1.787878787878787734e-01 -1.000000000000000000e+03 -1.000000000000000000e+03 1.000000000000000000e+03 1.000000000000000000e+03
2.181818181818181712e-01 -1.003978695073235713e+03 -1.003978695073235713e+03 -9.994833555259654077e+02 -9.994833555259654077e+02
2.575757575757575690e-01 -9.638455392809587465e+02 -9.638455392809587465e+02 -3.461784287616511051e+02 -3.461784287616511051e+02
2.969696969696969946e-01 -9.874993342210385663e+02 -9.874993342210385663e+02 -9.728868175765645674e+02 -9.728868175765645674e+02
3.363636363636363091e-01 -9.841278295605858375e+02 -9.841278295605858375e+02 7.443994673768308985e+02 7.443994673768308985e+02
3.757575757575757347e-01 -9.903648468708388464e+02 -9.903648468708388464e+02 2.250039946737683181e+02 2.250039946737683181e+02
4.151515151515151603e-01 -9.712117177097203466e+02 -9.712117177097203466e+02 2.082023968042609852e+01 2.082023968042609852e+01
4.545454545454544748e-01 -1.003632490013315532e+03 -1.003632490013315532e+03 2.399201065246338160e+01 2.399201065246338160e+01
4.939393939393939004e-01 -1.022066577896138483e+03 -1.022066577896138483e+03 -3.997070572569906943e+01 -3.997070572569906943e+01
5.333333333333333259e-01 -9.644633821571238741e+02 -9.644633821571238741e+02 -1.193182423435419395e+02 -1.193182423435419395e+02
5.727272727272726405e-01 -9.367137150466045341e+02 -9.367137150466045341e+02 1.152143808255659110e+02 1.152143808255659110e+02
6.121212121212120660e-01 -9.486711051930758458e+02 -9.486711051930758458e+02 -4.980026631158455785e+00 -4.980026631158455785e+00
6.515151515151514916e-01 -8.823009320905459845e+02 -8.823009320905459845e+02 6.930758988015978161e+01 6.930758988015978161e+01
6.909090909090908061e-01 -9.119467376830891681e+02 -9.119467376830891681e+02 2.082290279627163798e+01 2.082290279627163798e+01
7.303030303030302317e-01 -8.628229027962715918e+02 -8.628229027962715918e+02 2.985885486018641899e+01 2.985885486018641899e+01
7.696969696969696573e-01 -8.997390146471371963e+02 -8.997390146471371963e+02 2.536884154460718932e+01 2.536884154460718932e+01
8.090909090909089718e-01 -7.783754993342209900e+02 -7.783754993342209900e+02 -3.557922769640479377e+00 -3.557922769640479377e+00
8.484848484848483974e-01 -8.473661784287616001e+02 -8.473661784287616001e+02 3.969107856191744332e+01 3.969107856191744332e+01
8.878787878787878229e-01 -8.995206391478029673e+02 -8.995206391478029673e+02 2.795739014647137211e+01 2.795739014647137211e+01
9.272727272727271375e-01 -7.962876165113182196e+02 -7.962876165113182196e+02 -4.207723035952063984e-01 -4.207723035952063984e-01
9.666666666666665630e-01 -7.981038615179760427e+02 -7.981038615179760427e+02 3.142476697736351632e-01 3.142476697736351632e-01
1.006060606060606100e+00 -7.536777629826897282e+02 -7.536777629826897282e+02 7.560585885486018398e+00 7.560585885486018398e+00
1.045454545454545414e+00 -6.799733688415445840e+02 -6.799733688415445840e+02 2.564580559254327596e+00 2.564580559254327596e+00
1.084848484848484729e+00 -6.886125166444739989e+02 -6.886125166444739989e+02 8.082556591211718100e+00 8.082556591211718100e+00
1.124242424242424265e+00 -6.709720372836218303e+02 -6.709720372836218303e+02 -7.408788282290279525e+00 -7.408788282290279525e+00
1.163636363636363580e+00 -7.073715046604527288e+02 -7.073715046604527288e+02 -1.200798934753661840e+01 -1.200798934753661840e+01
1.203030303030303116e+00 -6.850013315579227537e+02 -6.850013315579227537e+02 -1.331291611185086587e+01 -1.331291611185086587e+01
1.242424242424242431e+00 -6.767563249001331087e+02 -6.767563249001331087e+02 1.605858854860186424e+00 1.605858854860186424e+00
1.281818181818181746e+00 -6.109294274300932557e+02 -6.109294274300932557e+02 -1.011984021304926790e-01 -1.011984021304926790e-01
1.321212121212121282e+00 -6.156537949400799334e+02 -6.156537949400799334e+02 3.486018641810918695e+00 3.486018641810918695e+00
1.360606060606060597e+00 -6.455765645805593067e+02 -6.455765645805593067e+02 -8.996005326231690802e+00 -8.996005326231690802e+00
1.399999999999999911e+00 -6.150838881491345091e+02 -6.150838881491345091e+02 3.392809587217044065e+00 3.392809587217044065e+00
1.439393939393939448e+00 -6.013901464713715086e+02 -6.013901464713715086e+02 2.391478029294274332e+00 2.391478029294274332e+00
1.478787878787878762e+00 -6.157283621837549390e+02 -6.157283621837549390e+02 -1.125965379494008012e+01 -1.125965379494008012e+01
1.518181818181818077e+00 -5.538162450066578231e+02 -5.538162450066578231e+02 -1.573368841544607122e+01 -1.573368841544607122e+01
1.557575757575757613e+00 -6.097629826897469911e+02 -6.097629826897469911e+02 4.428761651131824628e+00 4.428761651131824628e+00
1.596969696969696928e+00 -5.269720372836218303e+02 -5.269720372836218303e+02 -3.877496671105193027e+00 -3.877496671105193027e+00
1.636363636363636243e+00 -5.076271637816245175e+02 -5.076271637816245175e+02 -1.524900133155792226e+01 -1.524900133155792226e+01
1.675757575757575779e+00 -5.490439414114514420e+02 -5.490439414114514420e+02 -3.906790945406125370e+00 -3.906790945406125370e+00
1.715151515151515094e+00 -5.628921438082556961e+02 -5.628921438082556961e+02 -4.303595206391477745e+00 -4.303595206391477745e+00
1.754545454545454408e+00 -5.193715046604527288e+02 -5.193715046604527288e+02 4.897470039946737685e+00 4.897470039946737685e+00
1.793939393939393945e+00 -5.594034620505991597e+02 -5.594034620505991597e+02 -8.679094540612517505e+00 -8.679094540612517505e+00
1.833333333333333259e+00 -4.635366178428761827e+02 -4.635366178428761827e+02 5.781624500665778932e+00 5.781624500665778932e+00
1.872727272727272574e+00 -5.279627163781624404e+02 -5.279627163781624404e+02 -3.302263648468708457e-01 -3.302263648468708457e-01
1.912121212121212110e+00 -5.047509986684420937e+02 -5.047509986684420937e+02 -1.728362183754993397e+00 -1.728362183754993397e+00
1.951515151515151425e+00 -4.835419440745672546e+02 -4.835419440745672546e+02 5.858854860186417657e-01 5.858854860186417657e-01
1.990909090909090740e+00 -4.280213049267642873e+02 -4.280213049267642873e+02 -2.537949400798934718e+00 -2.537949400798934718e+00
2.030303030303030276e+00 -4.179440745672436606e+02 -4.179440745672436606e+02 4.370173102529959941e+00 4.370173102529959941e+00
2.069696969696969369e+00 -4.786418109187749792e+02 -4.786418109187749792e+02 5.376830892143808605e+00 5.376830892143808605e+00
2.109090909090908905e+00 -4.493422103861518053e+02 -4.493422103861518053e+02 1.664447403462050667e+00 1.664447403462050667e+00
2.148484848484848442e+00 -5.199201065246338658e+02 -5.199201065246338658e+02 -9.320905459387483771e-02 -9.320905459387483771e-02
2.187878787878787978e+00 -4.547323568575233139e+02 -4.547323568575233139e+02 -1.741677762982689837e+00 -1.741677762982689837e+00
2.227272727272727071e+00 -4.332143808255659110e+02 -4.332143808255659110e+02 1.163781624500665801e+00 1.163781624500665801e+00
2.266666666666666607e+00 -4.205326231691078647e+02 -4.205326231691078647e+02 -2.343541944074567229e-01 -2.343541944074567229e-01
2.306060606060606144e+00 -3.982796271637816403e+02 -3.982796271637816403e+02 -1.307589880159786944e+00 -1.307589880159786944e+00
2.345454545454545237e+00 -4.026790945406125388e+02 -4.026790945406125388e+02 2.753661784287616321e+00 2.753661784287616321e+00
2.384848484848484773e+00 -4.052250332889480546e+02 -4.052250332889480546e+02 4.101198402130492582e-01 4.101198402130492582e-01
2.424242424242424310e+00 -4.310838881491345091e+02 -4.310838881491345091e+02 1.278295605858854878e-01 1.278295605858854878e-01
2.463636363636363402e+00 -3.841597869507323821e+02 -3.841597869507323821e+02 5.904127829560585461e+00 5.904127829560585461e+00
2.503030303030302939e+00 -4.563568575233022671e+02 -4.563568575233022671e+02 -9.800266311584553414e-01 -9.800266311584553414e-01
2.542424242424242475e+00 -3.832010652463382030e+02 -3.832010652463382030e+02 6.503328894806924332e+00 6.503328894806924332e+00
2.581818181818181568e+00 -3.948974700399467110e+02 -3.948974700399467110e+02 5.992010652463382048e-01 5.992010652463382048e-01
2.621212121212121104e+00 -3.591211717709720119e+02 -3.591211717709720119e+02 1.315579227696404896e+00 1.315579227696404896e+00
2.660606060606060641e+00 -3.730865512649800166e+02 -3.730865512649800166e+02 -2.972037283621837389e+00 -2.972037283621837389e+00
2.699999999999999734e+00 -3.833182423435419537e+02 -3.833182423435419537e+02 -3.960053262316910683e+00 -3.960053262316910683e+00
2.739393939393939270e+00 -3.691451398135818636e+02 -3.691451398135818636e+02 1.512649800266311573e+00 1.512649800266311573e+00
2.778787878787878807e+00 -3.095978695073235940e+02 -3.095978695073235940e+02 8.327563249001331158e+00 8.327563249001331158e+00
2.818181818181817899e+00 -3.346045272969374196e+02 -3.346045272969374196e+02 9.587217043941410888e-02 9.587217043941410888e-02
2.857575757575757436e+00 -3.215179760319574029e+02 -3.215179760319574029e+02 -4.716378162450066469e+00 -4.716378162450066469e+00
2.896969696969696972e+00 -2.804953395472703050e+02 -2.804953395472703050e+02 2.111850865512650000e+00 2.111850865512650000e+00
2.936363636363636065e+00 -3.246817576564580463e+02 -3.246817576564580463e+02 1.073235685752330193e+00 1.073235685752330193e+00
2.975757575757575601e+00 -3.594247669773635039e+02 -3.594247669773635039e+02 4.404793608521970327e+00 4.404793608521970327e+00
3.015151515151515138e+00 -3.274833555259654077e+02 -3.274833555259654077e+02 3.805592543275632345e+00 3.805592543275632345e+00
3.054545454545454231e+00 -2.622050599201065211e+02 -2.622050599201065211e+02 3.049267643142476558e+00 3.049267643142476558e+00
3.093939393939393767e+00 -3.608841544607190599e+02 -3.608841544607190599e+02 3.448735019973368843e+00 3.448735019973368843e+00
3.133333333333333304e+00 -3.614860186418109151e+02 -3.614860186418109151e+02 7.776298268974700667e-01 7.776298268974700667e-01
3.172727272727272396e+00 -2.986631158455392665e+02 -2.986631158455392665e+02 -2.524633821571238279e+00 -2.524633821571238279e+00
3.212121212121211933e+00 -3.058801597869507418e+02 -3.058801597869507418e+02 1.984021304926764317e+00 1.984021304926764317e+00
3.251515151515151469e+00 -2.998934753661784498e+02 -2.998934753661784498e+02 2.572569906790945549e+00 2.572569906790945549e+00
3.290909090909090562e+00 -3.191264980026631406e+02 -3.191264980026631406e+02 -2.346205059920106528e+00 -2.346205059920106528e+00
3.330303030303030098e+00 -2.336298268974700534e+02 -2.336298268974700534e+02 -4.090545938748335608e+00 -4.090545938748335608e+00
3.369696969696969635e+00 -2.385139813581890849e+02 -2.385139813581890849e+02 -1.749667110519307567e+00 -1.749667110519307567e+00
3.409090909090908728e+00 -2.958295605858854742e+02 -2.958295605858854742e+02 1.323568575233022626e+00 1.323568575233022626e+00
3.448484848484848264e+00 -3.469187749667110552e+02 -3.469187749667110552e+02 -2.671105193075898665e+00 -2.671105193075898665e+00
3.487878787878787801e+00 -2.448948069241012035e+02 -2.448948069241012035e+02 2.135818908122503412e+00 2.135818908122503412e+00
3.527272727272726893e+00 -2.676964047936085080e+02 -2.676964047936085080e+02 3.147802929427430119e+00 3.147802929427430119e+00
3.566666666666666430e+00 -2.858109187749666944e+02 -2.858109187749666944e+02 4.982689747003994363e+00 4.982689747003994363e+00
3.606060606060605966e+00 -2.575872170439413935e+02 -2.575872170439413935e+02 -3.800266311584553858e+00 -3.800266311584553858e+00
3.645454545454545059e+00 -2.376458055925432689e+02 -2.376458055925432689e+02 -4.170439414114514243e+00 -4.170439414114514243e+00
3.684848484848484595e+00 -2.270679094540612653e+02 -2.270679094540612653e+02 -1.467376830892143769e+00 -1.467376830892143769e+00
3.724242424242424132e+00 -2.015446071904127905e+02 -2.015446071904127905e+02 -1.624500665778961350e+00 -1.624500665778961350e+00
3.763636363636363225e+00 -2.291664447403462077e+02 -2.291664447403462077e+02 1.688415446071904080e+00 1.688415446071904080e+00
3.803030303030302761e+00 -2.697896138482024071e+02 -2.697896138482024071e+02 -4.287616511318242396e-01 -4.287616511318242396e-01
3.842424242424242298e+00 -2.388069241011984047e+02 -2.388069241011984047e+02 2.351531291611185015e+00 2.351531291611185015e+00
3.881818181818181390e+00 -2.742636484687083680e+02 -2.742636484687083680e+02 7.776298268974700667e-01 7.776298268974700667e-01
3.921212121212120927e+00 -2.609054593874833472e+02 -2.609054593874833472e+02 2.790945406125166617e+00 2.790945406125166617e+00
3.960606060606060463e+00 -2.268601864181091798e+02 -2.268601864181091798e+02 -2.876165113182423405e-01 -2.876165113182423405e-01
4.000000000000000000e+00 -2.270785619174434089e+02 -2.270785619174434089e+02 -1.896138482023967953e+00 -1.896138482023967953e+00
