# T,E,E_err,m,m_err
1.000000000000000056e-01 -2.000000000000000000e+03 -2.000000000000000000e+03 -1.000000000000000000e+03 -1.000000000000000000e+03
1.393939393939394034e-01 -1.835797603195738930e+03 -1.835797603195738930e+03 8.067137150466045341e+02 8.067137150466045341e+02
1.787878787878787734e-01 -2.032000000000000000e+03 -2.032000000000000000e+03 -1.000000000000000000e+03 -1.000000000000000000e+03
2.181818181818181712e-01 -2.028000000000000000e+03 -2.028000000000000000e+03 1.000000000000000000e+03 1.000000000000000000e+03
2.575757575757575690e-01 -1.970524633821571342e+03 -1.970524633821571342e+03 -9.857976031957390433e+02 -9.857976031957390433e+02
2.969696969696969946e-01 -1.944000000000000000e+03 -1.944000000000000000e+03 1.000000000000000000e+03 1.000000000000000000e+03
3.363636363636363091e-01 -1.960000000000000000e+03 -1.960000000000000000e+03 1.000000000000000000e+03 1.000000000000000000e+03
3.757575757575757347e-01 -1.932000000000000000e+03 -1.932000000000000000e+03 -1.000000000000000000e+03 -1.000000000000000000e+03
4.151515151515151603e-01 -1.984000000000000000e+03 -1.984000000000000000e+03 -1.000000000000000000e+03 -1.000000000000000000e+03
4.545454545454544748e-01 -2.038268974700399440e+03 -2.038268974700399440e+03 -9.994700399467376428e+02 -9.994700399467376428e+02
4.939393939393939004e-01 -2.028000000000000000e+03 -2.028000000000000000e+03 -1.000000000000000000e+03 -1.000000000000000000e+03
5.333333333333333259e-01 -1.976000000000000000e+03 -1.976000000000000000e+03 1.000000000000000000e+03 1.000000000000000000e+03
5.727272727272726405e-01 -2.031893475366178336e+03 -2.031893475366178336e+03 9.999733688415445840e+02 9.999733688415445840e+02
6.121212121212120660e-01 -2.051286284953395352e+03 -2.051286284953395352e+03 9.997949400798934221e+02 9.997949400798934221e+02
6.515151515151514916e-01 -2.003680426098535236e+03 -2.003680426098535236e+03 -9.999201065246338658e+02 -9.999201065246338658e+02
6.909090909090908061e-01 -2.008000000000000000e+03 -2.008000000000000000e+03 1.000000000000000000e+03 1.000000000000000000e+03
7.303030303030302317e-01 -1.963882822902796306e+03 -1.963882822902796306e+03 -9.999707057256990765e+02 -9.999707057256990765e+02
7.696969696969696573e-01 -1.948969374167776323e+03 -1.948969374167776323e+03 9.953075898801597532e+02 9.953075898801597532e+02
8.090909090909089718e-01 -1.959723035952063810e+03 -1.959723035952063810e+03 9.999307589880160094e+02 9.999307589880160094e+02
8.484848484848483974e-01 -2.043403462050599273e+03 -2.043403462050599273e+03 -9.998508655126497615e+02 -9.998508655126497615e+02
8.878787878787878229e-01 -1.951035952063914692e+03 -1.951035952063914692e+03 9.997576564580559761e+02 9.997576564580559761e+02
9.272727272727271375e-01 -2.079360852197070471e+03 -2.079360852197070471e+03 9.998402130492676179e+02 9.998402130492676179e+02
9.666666666666665630e-01 -1.961640479360852169e+03 -1.961640479360852169e+03 9.993981358189081448e+02 9.993981358189081448e+02
1.006060606060606100e+00 -2.011627163781624404e+03 -2.011627163781624404e+03 -9.988601864181091514e+02 -9.988601864181091514e+02
1.045454545454545414e+00 -2.024756324900133222e+03 -2.024756324900133222e+03 -9.991850865512649307e+02 -9.991850865512649307e+02
1.084848484848484729e+00 -1.969501997336884187e+03 -1.969501997336884187e+03 -9.982050599201065779e+02 -9.982050599201065779e+02
1.124242424242424265e+00 -1.940149134487350238e+03 -1.940149134487350238e+03 -9.979973368841544925e+02 -9.979973368841544925e+02
1.163636363636363580e+00 -1.985885486018641814e+03 -1.985885486018641814e+03 9.973928095872170161e+02 9.973928095872170161e+02
1.203030303030303116e+00 -1.996596537949400727e+03 -1.996596537949400727e+03 9.970625832223702218e+02 9.970625832223702218e+02
1.242424242424242431e+00 -2.008852197070572629e+03 -2.008852197070572629e+03 -9.971664447403461509e+02 -9.971664447403461509e+02
1.281818181818181746e+00 -1.974423435419440693e+03 -1.974423435419440693e+03 9.943728362183754825e+02 9.943728362183754825e+02
1.321212121212121282e+00 -1.970806924101198319e+03 -1.970806924101198319e+03 -9.934780292942742790e+02 -9.934780292942742790e+02
1.360606060606060597e+00 -1.967978695073235713e+03 -1.967978695073235713e+03 9.926364846870839074e+02 9.926364846870839074e+02
1.399999999999999911e+00 -1.992250332889480660e+03 -1.992250332889480660e+03 -9.903355525965379229e+02 -9.903355525965379229e+02
1.439393939393939448e+00 -2.019818908122503217e+03 -2.019818908122503217e+03 9.890093209054593899e+02 9.890093209054593899e+02
1.478787878787878762e+00 -1.979435419440745591e+03 -1.979435419440745591e+03 -9.870386151797603134e+02 -9.870386151797603134e+02
1.518181818181818077e+00 -1.955680426098535236e+03 -1.955680426098535236e+03 9.879440745672436606e+02 9.879440745672436606e+02
1.557575757575757613e+00 -1.897235685752330255e+03 -1.897235685752330255e+03 -9.814194407456724321e+02 -9.814194407456724321e+02
1.596969696969696928e+00 -1.910066577896138369e+03 -1.910066577896138369e+03 9.804314247669773295e+02 9.804314247669773295e+02
1.636363636363636243e+00 -1.998295605858854969e+03 -1.998295605858854969e+03 9.735472703062582696e+02 9.735472703062582696e+02
1.675757575757575779e+00 -1.874295605858854969e+03 -1.874295605858854969e+03 9.735339547270306184e+02 9.735339547270306184e+02
1.715151515151515094e+00 -1.840814913448735069e+03 -1.840814913448735069e+03 9.696324900133155325e+02 9.696324900133155325e+02
1.754545454545454408e+00 -1.970050599201065324e+03 -1.970050599201065324e+03 9.686684420772303383e+02 9.686684420772303383e+02
1.793939393939393945e+00 -1.758503328894806828e+03 -1.758503328894806828e+03 -9.570679094540612368e+02 -9.570679094540612368e+02
1.833333333333333259e+00 -1.805054593874833472e+03 -1.805054593874833472e+03 9.595446071904127621e+02 9.595446071904127621e+02
1.872727272727272574e+00 -1.836170439414114526e+03 -1.836170439414114526e+03 -9.495339547270306184e+02 -9.495339547270306184e+02
1.912121212121212110e+00 -1.814258322237017410e+03 -1.814258322237017410e+03 9.315312916111851109e+02 9.315312916111851109e+02
1.951515151515151425e+00 -1.747302263648468625e+03 -1.747302263648468625e+03 9.378402130492676179e+02 9.378402130492676179e+02
1.990909090909090740e+00 -1.780000000000000000e+03 -1.780000000000000000e+03 -9.256910785619174931e+02 -9.256910785619174931e+02
2.030303030303030276e+00 -1.767728362183755053e+03 -1.767728362183755053e+03 -9.213342210386151692e+02 -9.213342210386151692e+02
2.069696969696969369e+00 -1.752047936085219817e+03 -1.752047936085219817e+03 9.115978695073235940e+02 9.115978695073235940e+02
2.109090909090908905e+00 -1.726593874833555219e+03 -1.726593874833555219e+03 9.053848202396803799e+02 9.053848202396803799e+02
2.148484848484848442e+00 -1.692287616511318220e+03 -1.692287616511318220e+03 8.929347536617842707e+02 8.929347536617842707e+02
2.187878787878787978e+00 -1.696239680426098630e+03 -1.696239680426098630e+03 -8.770146471371505186e+02 -8.770146471371505186e+02
2.227272727272727071e+00 -1.602604527296937476e+03 -1.602604527296937476e+03 -8.720532623169108319e+02 -8.720532623169108319e+02
2.266666666666666607e+00 -1.550226364846870865e+03 -1.550226364846870865e+03 8.529667110519308153e+02 8.529667110519308153e+02
2.306060606060606144e+00 -1.467312916111850882e+03 -1.467312916111850882e+03 -8.391904127829560593e+02 -8.391904127829560593e+02
2.345454545454545237e+00 -1.558189081225033306e+03 -1.558189081225033306e+03 8.173129161118508819e+02 8.173129161118508819e+02
2.384848484848484773e+00 -1.472521970705725607e+03 -1.472521970705725607e+03 -8.077310252996005602e+02 -8.077310252996005602e+02
2.424242424242424310e+00 -1.384378162450066611e+03 -1.384378162450066611e+03 -7.746657789613848308e+02 -7.746657789613848308e+02
2.463636363636363402e+00 -1.359318242343541897e+03 -1.359318242343541897e+03 -7.576750998668442207e+02 -7.576750998668442207e+02
2.503030303030302939e+00 -1.255296937416777610e+03 -1.255296937416777610e+03 -7.225752330226364393e+02 -7.225752330226364393e+02
2.542424242424242475e+00 -1.191222370173102490e+03 -1.191222370173102490e+03 7.021065246338215502e+02 7.021065246338215502e+02
2.581818181818181568e+00 -1.181986684420772235e+03 -1.181986684420772235e+03 -6.605512649800266445e+02 -6.605512649800266445e+02
2.621212121212121104e+00 -1.241747003994673832e+03 -1.241747003994673832e+03 -6.305699067909454243e+02 -6.305699067909454243e+02
2.660606060606060641e+00 -1.077464713715046628e+03 -1.077464713715046628e+03 5.920186418109187798e+02 5.920186418109187798e+02
2.699999999999999734e+00 -1.087041278295605935e+03 -1.087041278295605935e+03 5.364900133155791764e+02 5.364900133155791764e+02
2.739393939393939270e+00 -9.369533954727030505e+02 -9.369533954727030505e+02 -4.463968042609853342e+02 -4.463968042609853342e+02
2.778787878787878807e+00 -9.581837549933421769e+02 -9.581837549933421769e+02 -2.828202396804260843e+02 -2.828202396804260843e+02
2.818181818181817899e+00 -7.521704394141145258e+02 -7.521704394141145258e+02 1.557949400798934789e+02 1.557949400798934789e+02
2.857575757575757436e+00 -7.962876165113182196e+02 -7.962876165113182196e+02 1.953874833555259727e+02 1.953874833555259727e+02
2.896969696969696972e+00 -6.778215712383488381e+02 -6.778215712383488381e+02 -1.812276964047936190e+02 -1.812276964047936190e+02
2.936363636363636065e+00 -7.354141145139813034e+02 -7.354141145139813034e+02 -4.970173102529960119e+01 -4.970173102529960119e+01
2.975757575757575601e+00 -6.216191744340878813e+02 -6.216191744340878813e+02 -1.965645805592543383e+01 -1.965645805592543383e+01
3.015151515151515138e+00 -6.945672436750999168e+02 -6.945672436750999168e+02 -1.110892143808255668e+02 -1.110892143808255668e+02
3.054545454545454231e+00 -6.848095872170439407e+02 -6.848095872170439407e+02 8.334221038615179111e+01 8.334221038615179111e+01
3.093939393939393767e+00 -6.487190412782955491e+02 -6.487190412782955491e+02 2.386950732356857685e+01 2.386950732356857685e+01
3.133333333333333304e+00 -6.146151797603196201e+02 -6.146151797603196201e+02 7.930758988015978339e+00 7.930758988015978339e+00
3.172727272727272396e+00 -6.202663115845539323e+02 -6.202663115845539323e+02 1.229294274300932166e+01 1.229294274300932166e+01
3.212121212121211933e+00 -6.350093209054593899e+02 -6.350093209054593899e+02 2.033022636484687240e+01 2.033022636484687240e+01
3.251515151515151469e+00 -5.843888149134487549e+02 -5.843888149134487549e+02 2.889480692410119733e+00 2.889480692410119733e+00
3.290909090909090562e+00 -5.660985352862849140e+02 -5.660985352862849140e+02 8.577896138482023147e+00 8.577896138482023147e+00
3.330303030303030098e+00 -5.916218375499333888e+02 -5.916218375499333888e+02 -3.110519307589880267e+00 -3.110519307589880267e+00
3.369696969696969635e+00 -6.009906790945406101e+02 -6.009906790945406101e+02 -1.877230359520639169e+01 -1.877230359520639169e+01
3.409090909090908728e+00 -5.585193075898802135e+02 -5.585193075898802135e+02 1.783222370173102433e+01 1.783222370173102433e+01
3.448484848484848264e+00 -5.622157123834887216e+02 -5.622157123834887216e+02 3.233022636484687240e+00 3.233022636484687240e+00
3.487878787878787801e+00 -5.153395472703062978e+02 -5.153395472703062978e+02 -1.669773635153129154e+00 -1.669773635153129154e+00
3.527272727272726893e+00 -5.733528628495339490e+02 -5.733528628495339490e+02 -1.786684420772303739e+01 -1.786684420772303739e+01
3.566666666666666430e+00 -5.742743009320905685e+02 -5.742743009320905685e+02 -1.736085219707057092e+01 -1.736085219707057092e+01
3.606060606060605966e+00 -5.534007989347536522e+02 -5.534007989347536522e+02 3.621837549933422107e-01 3.621837549933422107e-01
3.645454545454545059e+00 -6.008894806924100749e+02 -6.008894806924100749e+02 5.858854860186418101e+00 5.858854860186418101e+00
3.684848484848484595e+00 -5.274513981358188630e+02 -5.274513981358188630e+02 2.090279627163781484e+01 2.090279627163781484e+01
3.724242424242424132e+00 -5.723462050599200666e+02 -5.723462050599200666e+02 -1.077762982689747062e+01 -1.077762982689747062e+01
3.763636363636363225e+00 -4.935126498002663311e+02 -4.935126498002663311e+02 1.437816245006657745e+01 1.437816245006657745e+01
3.803030303030302761e+00 -5.046870838881491181e+02 -5.046870838881491181e+02 4.319573901464713650e+00 4.319573901464713650e+00
3.842424242424242298e+00 -4.913182423435419537e+02 -4.913182423435419537e+02 2.527296937416777745e+00 2.527296937416777745e+00
3.881818181818181390e+00 -4.928841544607190599e+02 -4.928841544607190599e+02 -2.210386151797603116e+00 -2.210386151797603116e+00
3.921212121212120927e+00 -4.311797603195739157e+02 -4.311797603195739157e+02 -1.103861517976031870e+01 -1.103861517976031870e+01
3.960606060606060463e+00 -5.422263648468708652e+02 -5.422263648468708652e+02 2.809587217043941543e+00 2.809587217043941543e+00
4.000000000000000000e+00 -4.598402130492676179e+02 -4.598402130492676179e+02 -1.406125166444740282e+00 -1.406125166444740282e+00
